data/mit_t/saz.asc
ncols 20
nrows 20
xllcorner 457900
yllcorner 5716800
cellsize 100
NODATA_value -9999
7 18 26 36 40 31 354 317 313 321 322 331 42 64 65 68 65 57 33 313
4 11 17 21 23 17 358 336 330 335 339 351 34 47 47 48 45 37 14 337
3 16 25 27 24 17 1 338 324 322 326 19 61 54 49 46 40 25 4 346
185 189 172 68 33 24 13 347 305 264 219 141 101 77 64 50 33 14 359 349
185 192 194 189 174 107 53 49 200 206 195 165 136 111 92 69 37 11 356 344
184 193 199 198 194 194 159 114 135 184 193 176 149 126 115 113 124 156 180 189
185 197 204 202 201 206 190 146 133 166 190 181 155 131 128 133 142 164 177 181
188 201 206 205 206 211 204 169 144 153 170 177 163 136 132 137 141 158 167 171
189 202 207 208 205 208 208 194 175 149 136 156 160 142 134 135 137 147 154 163
190 202 208 205 200 209 219 219 212 173 95 97 123 133 135 136 134 137 141 150
187 200 205 203 210 237 250 248 237 212 113 90 94 107 124 130 128 132 134 128
184 194 199 215 246 263 265 258 246 225 149 104 93 90 98 108 107 109 107 67
187 183 182 218 246 250 247 243 235 217 165 109 93 86 84 82 71 51 19 11
186 169 179 223 242 241 237 234 226 209 185 130 93 81 74 66 54 39 20 12
182 160 183 235 241 235 231 225 218 210 205 164 101 80 66 57 59 69 82 98
180 163 193 234 230 223 223 224 224 229 231 194 111 84 68 61 63 69 78 110
169 168 223 253 243 238 242 245 249 253 250 211 122 88 74 76 73 68 69 79
158 186 258 274 278 276 268 256 250 245 236 211 163 81 61 71 80 79 73 69
171 230 266 269 271 271 253 240 236 234 231 226 227 -1 49 65 74 81 79 72
193 252 266 264 256 250 234 233 236 238 239 241 246 236 99 72 69 70 71 68
