data/mit_t/saz.asc
ncols 100
nrows 100
xllcorner 457900
yllcorner 5716800
cellsize 100
NODATA_value -9999
[rows 43 to 85 of 100, columns 0 to 95 of 100]
245 259 266 277 285 289 292 300 331 347 350 356 355 333 312 305 307 334 45 60 58 56 56 41 15 2 1 5 17 24 22 15 9 16 44 69 72 66 65 63 56 60 70 74 73 74 80 80 79 81 140 248 238 217 225 230 217 193 183 190 279 302 297 284 275 267 257 250 248 249 249 248 245 236 184 131 119 117 128 162 161 130 151 274 281 283 283 255 183 190 165 126 126 195 218 198
213 240 247 255 267 275 281 290 303 323 351 4 356 331 313 309 315 346 47 62 60 52 41 26 8 1 3 8 16 23 26 27 31 54 75 70 53 52 60 65 63 69 77 78 77 81 87 86 81 79 86 247 245 231 236 234 197 182 232 294 303 296 276 267 265 259 252 250 250 250 249 247 245 233 163 133 130 121 114 142 159 143 264 281 282 282 265 162 167 180 167 143 140 193 210 193
217 235 235 242 254 263 277 299 301 304 338 10 1 321 300 294 297 9 84 81 68 51 40 29 13 3 9 18 22 28 36 48 63 72 58 39 43 60 71 76 79 84 85 85 85 83 82 83 84 87 95 248 254 247 250 206 183 245 291 285 267 255 259 261 257 253 251 252 253 252 250 249 247 224 144 128 137 141 123 127 156 259 303 301 297 290 162 139 160 174 165 154 156 194 211 210
231 231 230 238 244 248 253 268 289 293 311 28 13 295 270 258 231 161 133 118 100 72 49 30 20 17 25 39 39 45 59 66 66 51 30 38 60 74 81 84 88 91 90 87 85 82 81 82 86 91 99 242 253 249 213 169 204 256 258 247 243 249 258 260 258 256 253 253 253 252 250 251 247 203 133 123 131 150 139 130 261 301 309 306 288 220 142 135 153 167 164 164 179 237 275 296
203 218 226 232 236 239 238 238 249 258 223 159 170 227 235 226 201 165 144 140 143 144 133 59 34 42 52 64 68 75 73 63 52 38 35 59 74 80 84 86 90 93 89 84 81 81 83 84 87 88 92 239 257 244 172 177 248 254 240 242 252 256 257 257 257 254 253 255 254 252 249 250 247 174 120 116 120 137 142 155 299 300 300 272 192 169 151 146 157 166 171 186 247 269 280 291
198 216 221 229 232 233 232 228 225 221 203 175 180 203 215 209 195 171 145 138 148 160 176 205 185 68 67 71 71 70 64 53 46 47 57 72 80 82 84 85 88 92 89 85 82 83 87 90 90 89 91 238 256 225 171 251 259 244 242 252 259 259 256 256 255 252 251 255 257 255 251 253 246 149 119 113 113 123 158 296 302 295 258 162 159 163 158 157 176 300 333 339 350 280 251 248
209 229 225 229 228 226 226 222 216 214 210 194 184 200 203 198 193 174 151 141 144 159 192 225 239 49 59 60 61 65 69 69 69 72 76 80 83 84 85 85 86 90 94 94 90 91 94 95 92 90 91 216 244 224 241 254 226 232 241 250 255 254 252 253 253 250 249 253 255 254 253 255 241 131 121 124 117 119 267 287 287 254 163 147 151 160 169 333 329 338 345 345 15 19 269 259
214 234 235 231 226 228 230 222 214 216 215 208 201 200 198 194 189 168 148 143 143 162 215 248 261 297 61 62 67 75 82 95 105 101 94 92 92 92 90 88 88 95 102 102 100 99 97 94 91 90 90 145 245 256 254 195 204 227 236 244 247 247 248 250 249 247 248 251 252 251 251 251 240 107 102 116 121 128 278 277 256 169 146 143 153 303 326 332 331 341 353 354 36 48 311 283
213 231 230 227 228 244 248 235 219 219 217 218 216 204 195 194 187 164 139 132 133 166 240 253 240 207 142 99 98 109 117 114 122 123 116 112 110 107 104 99 96 101 109 110 106 104 100 95 91 87 87 102 255 256 218 182 208 228 237 242 242 244 247 247 245 244 249 251 251 249 247 245 236 112 94 96 106 207 271 263 185 150 148 153 313 312 310 309 314 335 0 21 60 59 330 278
208 223 222 222 225 247 253 245 216 216 219 223 223 210 195 191 184 174 152 125 114 168 247 239 207 196 183 144 128 135 145 129 128 134 132 129 130 130 129 123 110 106 108 110 110 110 108 102 91 80 77 79 233 225 207 204 226 237 241 243 242 244 245 243 244 246 248 251 251 247 242 238 225 137 107 98 95 251 260 206 157 150 175 294 315 321 311 284 285 311 5 46 57 42 3 301
203 219 222 223 223 237 242 231 202 214 224 223 226 218 196 183 182 185 179 144 105 148 239 222 192 197 194 157 139 144 151 134 125 130 133 131 131 130 128 123 110 102 99 100 99 97 95 94 92 80 69 63 101 207 218 230 242 244 244 246 245 246 244 239 239 240 240 248 251 244 236 230 210 142 119 112 109 233 223 168 158 175 307 298 302 325 343 306 281 289 354 42 36 25 16 336
204 225 228 223 219 223 224 220 208 218 222 219 227 225 201 171 181 196 197 178 129 147 229 213 177 195 198 167 145 146 150 138 122 121 122 116 108 86 64 70 81 86 92 93 83 77 78 86 91 84 66 56 55 100 226 237 239 242 246 248 245 243 241 235 233 233 236 245 244 232 224 216 192 143 124 115 117 191 189 167 312 323 327 313 295 307 345 343 299 284 323 28 24 23 24 355
200 220 228 223 216 216 215 216 218 221 214 213 227 235 219 146 170 196 194 182 165 176 231 199 162 190 201 181 159 151 147 137 112 96 87 74 53 34 47 66 77 85 89 89 82 79 81 86 89 84 70 60 57 62 221 237 236 247 263 249 237 237 238 236 234 234 238 242 232 216 208 197 176 147 134 129 133 198 297 328 325 321 329 333 314 300 325 352 332 303 311 7 21 27 27 4
200 225 237 235 223 218 216 218 221 220 214 215 230 240 223 137 150 188 190 188 199 250 269 159 143 183 202 190 175 167 158 133 90 62 50 42 31 37 65 83 90 92 88 81 83 86 88 90 91 94 96 77 63 59 56 234 240 251 276 251 228 237 242 241 235 231 235 232 216 201 190 180 169 151 142 145 162 300 310 315 315 313 317 332 331 312 313 338 338 318 310 342 17 28 22 6
214 237 239 236 227 215 209 216 219 216 212 212 223 227 200 152 147 182 208 241 280 298 329 112 119 158 196 193 185 186 187 161 93 55 50 51 54 73 88 95 99 100 98 98 103 104 102 99 100 107 116 105 68 56 48 50 243 247 248 210 229 243 245 243 233 228 227 218 201 187 175 169 164 154 149 173 308 309 307 303 300 299 301 313 322 311 292 276 281 285 282 297 358 19 15 8
231 235 230 227 224 212 194 212 214 211 212 210 214 206 178 158 159 208 270 288 290 277 132 113 114 132 182 195 196 205 208 193 163 144 113 104 108 111 108 108 112 117 124 128 127 120 107 100 102 109 118 116 78 57 51 63 214 244 235 202 219 237 244 241 228 221 216 203 187 173 162 163 165 159 288 315 312 313 317 315 309 302 294 284 243 207 200 203 215 229 242 252 278 354 8 5
327 225 224 221 221 212 201 214 206 211 220 219 211 188 163 157 185 253 273 275 266 237 142 110 106 108 149 193 208 212 207 197 176 162 142 128 128 128 123 121 125 129 132 133 136 129 107 95 95 100 111 118 96 78 74 81 99 245 240 218 219 236 248 244 226 210 198 182 171 166 159 164 195 301 317 318 312 312 316 320 315 295 257 199 177 185 197 210 225 235 243 250 253 252 301 338
25 60 217 219 218 216 220 211 185 216 232 225 198 171 163 167 227 258 259 251 233 215 174 105 93 90 106 169 206 207 207 194 177 175 147 129 135 143 135 130 131 130 129 128 136 137 121 104 95 91 90 105 106 106 101 95 96 260 261 237 230 247 252 244 223 194 173 162 161 168 188 319 329 306 288 293 295 292 288 275 232 207 186 172 177 217 265 289 290 279 271 266 248 207 204 214
27 49 64 221 223 227 226 205 178 209 222 208 181 164 173 198 236 247 242 230 210 200 201 159 87 82 92 126 187 201 209 196 178 175 157 142 141 151 147 140 142 140 136 133 140 140 131 118 103 93 93 115 116 109 101 102 103 270 270 229 231 241 243 241 217 164 153 153 167 309 322 326 345 354 260 248 248 236 214 194 184 185 180 186 264 298 304 312 317 313 300 275 204 180 199 209
32 54 63 133 228 227 219 208 187 200 210 196 176 166 188 210 220 225 223 213 198 194 204 206 157 98 86 93 141 194 212 203 176 162 154 148 148 151 151 152 153 153 147 146 151 145 133 122 113 112 124 142 135 96 92 97 113 264 262 205 221 230 231 241 187 141 148 244 319 323 323 320 345 25 357 252 224 204 194 189 187 198 228 284 298 302 301 303 309 309 286 195 167 174 205 217
40 62 64 64 220 217 215 214 198 199 207 189 178 177 199 207 209 215 215 204 191 193 205 209 190 162 136 98 98 161 206 199 174 162 155 152 160 158 150 156 160 163 159 158 161 155 143 133 120 123 137 156 192 98 91 96 121 258 249 212 213 225 232 236 146 130 232 302 309 313 309 299 319 11 12 357 306 265 275 300 323 321 310 300 290 289 293 295 296 255 169 161 166 187 223 233
48 66 60 53 45 207 214 216 205 206 207 189 191 194 205 201 205 213 210 202 190 194 207 206 191 178 175 157 126 129 186 195 175 166 163 161 171 170 155 157 165 170 168 167 166 161 153 143 122 125 144 162 199 195 97 95 124 244 227 214 222 223 237 206 141 135 292 293 288 276 270 273 287 324 357 6 355 346 344 339 341 344 320 306 295 284 287 285 252 152 149 156 177 218 245 237
48 65 59 51 40 37 84 213 204 212 217 199 207 212 204 192 204 205 197 202 201 194 198 194 185 179 178 174 161 144 165 191 174 167 169 171 177 176 162 159 170 173 172 174 171 165 165 153 122 125 144 159 191 202 106 83 90 237 223 223 231 216 203 170 157 270 287 279 265 252 256 263 268 277 304 340 344 343 343 339 342 358 337 317 317 301 289 255 165 144 142 159 217 260 259 196
50 65 62 51 41 38 37 40 188 218 225 213 221 225 192 184 199 189 178 195 204 194 172 171 176 177 176 174 171 159 164 183 173 168 172 176 178 179 170 164 174 175 171 176 175 174 176 168 136 124 134 149 183 202 161 85 75 239 236 229 238 211 153 161 225 276 274 258 246 251 258 257 255 257 258 265 282 302 316 322 332 354 348 327 323 316 292 162 152 146 144 184 259 276 262 140
79 79 79 75 58 46 48 64 92 232 246 250 255 213 179 181 187 175 165 182 198 190 167 159 169 175 174 173 175 174 173 176 171 169 174 177 176 181 177 170 173 171 169 173 177 178 178 173 151 126 123 138 172 192 182 129 90 106 244 237 244 197 133 178 273 270 254 241 236 244 249 247 245 245 240 239 245 253 264 276 290 317 334 328 316 281 151 140 144 149 159 242 270 270 206 113
110 99 97 100 100 92 90 94 108 237 266 270 240 171 171 180 179 165 159 173 188 182 167 162 168 173 173 173 180 189 183 173 169 170 176 180 181 184 181 179 172 168 172 168 168 173 175 173 150 122 114 123 152 168 175 168 118 118 252 257 241 173 149 290 279 254 233 230 233 238 241 240 239 236 234 239 246 247 248 246 244 247 259 275 214 155 149 142 137 147 215 272 272 259 155 109
117 110 107 102 102 100 86 77 78 227 246 236 196 170 166 171 169 160 156 167 180 174 167 167 170 172 173 176 185 190 183 173 171 176 182 185 183 180 180 182 177 179 187 178 167 174 175 169 145 117 95 80 97 127 159 174 117 122 258 255 185 166 246 272 248 222 214 218 225 235 240 239 237 239 243 245 242 238 233 228 228 233 239 240 151 117 128 137 135 153 259 266 261 249 135 114
137 116 112 114 116 105 84 64 65 75 233 227 203 175 172 165 162 160 159 167 176 174 172 172 173 175 178 182 183 183 182 176 171 181 189 185 177 174 178 185 183 183 187 186 180 182 179 172 164 139 98 75 84 97 124 195 98 118 251 222 173 250 281 250 211 207 206 212 222 232 236 236 238 243 245 235 223 222 222 226 236 243 248 250 157 85 85 93 110 178 245 245 245 240 118 106
138 115 112 122 135 130 124 96 73 66 237 240 220 164 172 166 160 158 162 170 172 171 173 176 176 177 180 181 182 182 187 185 179 188 192 180 174 173 175 186 188 182 188 193 184 176 175 174 174 171 166 146 123 115 143 175 113 133 237 225 275 295 273 200 193 203 209 217 230 235 237 240 241 237 227 215 216 227 237 249 256 255 252 250 205 100 90 84 88 154 235 236 238 231 124 101
162 136 120 125 136 141 144 135 92 67 64 250 231 145 162 167 159 154 164 170 162 162 169 180 179 176 177 180 184 186 191 192 191 191 187 184 182 181 167 181 196 184 189 197 182 167 169 164 165 168 161 156 142 129 156 151 131 161 271 292 299 268 202 181 178 192 207 220 236 241 240 240 238 226 215 218 237 253 259 258 254 248 244 244 204 114 112 110 104 126 238 242 243 234 136 104
161 144 133 127 124 124 135 139 135 90 76 235 231 145 131 159 155 154 165 166 158 158 169 180 177 175 178 180 185 185 187 190 193 192 191 192 186 185 178 182 195 183 186 195 181 171 169 155 141 116 90 88 92 97 128 139 145 271 293 289 241 198 194 180 164 177 205 222 236 239 235 233 228 217 215 232 244 246 244 241 236 234 238 239 201 118 110 113 112 125 230 245 247 231 146 110
143 135 136 118 100 100 107 119 133 124 90 98 212 192 137 145 160 160 154 159 158 162 173 175 173 177 183 183 185 180 180 188 194 200 200 195 188 187 188 192 195 184 191 202 189 173 166 165 168 150 67 62 59 79 106 127 228 282 277 236 188 198 197 180 162 165 195 224 235 232 229 229 225 222 229 235 233 230 228 227 230 234 234 225 192 138 115 111 118 136 212 243 243 206 147 124
158 141 149 147 128 109 100 103 108 111 97 85 139 201 166 151 181 189 139 144 157 166 170 168 170 177 183 187 187 178 176 187 194 202 206 203 203 195 189 201 203 191 191 197 191 178 172 165 171 183 171 143 123 104 102 113 279 284 264 197 181 205 198 180 169 163 171 212 228 224 225 230 230 233 236 229 222 223 221 223 234 240 234 210 187 159 126 119 135 160 204 241 234 174 140 136
151 137 150 159 158 137 113 109 114 110 101 78 59 93 149 148 187 201 172 128 133 158 163 160 165 171 178 184 188 183 178 190 194 200 208 205 199 190 185 197 200 189 182 189 189 185 180 166 172 183 168 162 154 116 103 119 277 281 246 184 177 197 196 180 172 165 157 205 225 221 223 229 231 232 226 214 213 221 226 234 242 242 233 196 175 169 141 124 132 163 212 236 215 155 132 130
150 127 126 141 163 156 128 115 119 120 109 99 84 74 81 90 143 189 204 185 117 128 150 160 151 151 161 173 189 189 182 195 207 206 208 207 200 194 194 193 193 189 186 191 190 194 180 164 181 180 157 156 149 118 108 191 264 258 186 175 174 185 190 180 173 171 168 202 225 220 222 227 227 223 215 210 218 230 237 241 241 238 227 185 158 164 155 132 118 143 234 241 191 145 133 126
154 129 114 114 139 154 143 122 115 122 119 116 122 102 77 67 74 112 203 205 188 123 124 170 153 142 152 166 183 182 182 204 217 199 196 213 213 212 212 188 188 197 199 190 190 201 184 168 181 175 163 157 139 119 114 227 261 242 171 171 171 174 180 180 178 173 180 194 204 210 219 225 224 220 216 221 231 234 233 237 239 238 235 219 85 91 124 130 105 104 258 245 154 136 137 136
147 138 135 117 116 133 146 129 112 120 122 112 104 105 103 99 81 64 91 206 219 185 116 153 156 148 151 169 176 175 187 205 206 190 189 204 204 206 206 189 190 205 197 185 191 198 185 178 178 177 169 159 132 115 118 258 261 235 180 165 171 167 167 178 183 172 178 182 190 203 211 222 228 226 224 227 229 228 231 238 240 240 245 272 359 55 82 126 123 123 231 215 135 128 136 185
149 139 150 129 111 109 121 122 105 98 98 88 77 89 100 106 115 87 63 66 226 213 160 132 143 143 142 157 162 169 185 190 193 191 189 194 200 207 208 201 202 200 183 186 196 193 183 184 186 186 164 154 113 105 125 264 262 242 194 153 167 165 163 172 177 172 176 169 177 196 202 222 231 226 220 220 223 227 233 237 234 236 242 247 215 106 108 138 156 146 195 184 135 125 111 315
156 140 158 132 101 90 96 113 102 77 70 69 71 79 84 89 101 130 91 65 116 220 207 140 108 103 106 120 135 150 161 171 189 199 191 184 195 211 216 210 204 197 186 187 202 201 182 185 192 194 165 165 107 99 131 263 272 267 195 140 141 150 159 161 163 169 175 164 158 183 210 229 230 224 217 214 220 229 235 232 228 232 235 231 192 135 122 137 167 146 165 163 136 139 305 317
150 144 165 157 132 102 96 107 126 90 68 75 90 87 78 74 81 103 151 102 90 195 224 214 90 87 98 100 90 68 77 103 174 198 185 174 185 208 214 209 199 192 195 203 214 201 181 176 180 193 187 169 121 109 172 274 284 276 173 -1 101 105 -1 119 124 147 165 164 148 196 258 243 229 230 220 209 220 232 235 232 227 228 231 222 185 147 134 144 182 133 138 149 142 290 298 310
98 122 155 164 169 149 103 93 113 168 83 83 97 100 84 78 78 84 119 141 99 105 220 227 195 92 86 74 63 74 95 96 111 168 173 164 172 201 207 205 198 191 203 217 210 187 183 188 154 166 183 176 148 133 280 289 287 -1 -1 180 139 139 174 -1 45 63 100 139 139 216 235 208 229 244 227 202 218 229 232 232 227 224 226 214 183 157 149 162 188 137 130 151 278 299 297 296
85 97 127 153 176 182 146 100 98 163 140 95 89 97 100 92 85 83 91 122 101 71 131 221 218 161 112 114 111 115 109 113 130 143 -1 35 38 -1 195 205 200 198 209 213 204 198 220 190 135 150 178 186 170 278 305 305 293 -1 26 -1 113 135 196 225 -1 77 71 81 110 183 204 202 235 248 238 200 210 222 228 230 224 222 223 207 185 168 160 169 168 146 134 300 305 301 287 271
125 103 105 126 168 187 177 139 112 136 164 131 102 98 96 93 93 88 81 87 135 101 96 196 218 198 169 170 169 158 112 81 83 -1 315 355 26 53 79 184 203 210 211 206 207 215 215 155 140 140 -1 298 313 319 313 325 338 326 0 27 58 75 -1 233 198 71 51 57 70 90 180 201 221 232 231 207 176 215 228 229 223 223 226 203 183 178 171 155 148 153 303 315 309 262 226 221
