data/dogrib_c3/elevation.asc
ncols 100
nrows 100
xllcorner 457900
yllcorner 5716800
cellsize 100
NODATA_value -9999
[rows 38 to 75 of 100, columns 0 to 83 of 100]
1875 1854 1830 1855 1886 1948 2021 2044 2062 2097 2090 2056 2057 2082 2104 2140 2151 2139 2177 2231 2286 2321 2281 2233 2189 2157 2146 2161 2168 2159 2139 2110 2102 2144 2148 2114 2064 2117 2155 2191 2165 2125 2105 2085 2071 2057 2054 2045 2026 2012 1998 1983 1973 1964 1959 1947 1933 1920 1907 1891 1871 1834 1800 1790 1772 1758 1747 1737 1729 1723 1717 1713 1707 1703 1703 1701 1708 1716 1725 1740 1770 1797 1818 1838
1902 1872 1836 1862 1905 1969 2023 2051 2069 2085 2109 2117 2123 2129 2132 2166 2196 2178 2180 2240 2297 2342 2310 2253 2203 2178 2177 2196 2201 2185 2152 2125 2152 2176 2174 2129 2103 2151 2189 2207 2179 2137 2107 2082 2067 2053 2049 2049 2027 2017 1997 1983 1972 1961 1956 1947 1929 1914 1890 1880 1857 1823 1796 1796 1777 1760 1745 1737 1730 1723 1717 1713 1707 1703 1700 1698 1699 1704 1712 1723 1748 1779 1806 1820
1929 1883 1852 1869 1900 1956 1991 1997 2014 2047 2085 2104 2115 2133 2167 2201 2233 2222 2198 2242 2305 2349 2333 2275 2231 2214 2218 2241 2243 2212 2169 2173 2193 2210 2195 2155 2145 2188 2213 2212 2180 2140 2104 2078 2061 2058 2055 2048 2034 2012 1997 1983 1972 1959 1951 1946 1924 1905 1875 1859 1818 1821 1846 1824 1796 1774 1757 1740 1733 1723 1718 1712 1705 1702 1699 1697 1695 1695 1700 1711 1731 1762 1784 1800
1940 1892 1867 1885 1906 1917 1950 1988 2011 2019 2042 2067 2082 2112 2168 2223 2260 2272 2237 2245 2311 2365 2363 2303 2275 2269 2275 2294 2283 2245 2218 2228 2242 2248 2227 2190 2184 2222 2236 2215 2177 2137 2098 2076 2076 2083 2076 2055 2041 2021 2004 1989 1974 1957 1941 1935 1930 1909 1892 1874 1855 1874 1861 1847 1816 1788 1769 1751 1738 1728 1720 1712 1706 1702 1699 1696 1693 1693 1693 1700 1716 1742 1759 1787
1958 1910 1880 1897 1934 1951 1961 2026 2054 2035 2066 2072 2093 2127 2144 2212 2270 2312 2292 2271 2315 2374 2399 2354 2335 2330 2335 2347 2327 2294 2280 2284 2293 2290 2267 2237 2233 2254 2251 2217 2175 2137 2103 2088 2103 2106 2091 2069 2050 2033 2012 1996 1978 1959 1944 1930 1917 1897 1875 1875 1888 1881 1874 1864 1839 1807 1779 1760 1742 1737 1727 1715 1706 1703 1701 1695 1690 1690 1688 1691 1699 1717 1738 1770
1963 1912 1886 1935 1981 2013 2006 2052 2094 2083 2109 2098 2139 2150 2150 2194 2269 2333 2350 2316 2352 2403 2445 2424 2400 2395 2394 2395 2369 2341 2332 2327 2331 2325 2308 2290 2286 2286 2265 2223 2178 2140 2115 2124 2134 2118 2093 2066 2049 2031 2010 1990 1975 1962 1947 1923 1901 1902 1907 1907 1896 1892 1884 1873 1859 1826 1786 1769 1761 1746 1730 1720 1711 1704 1703 1699 1692 1689 1685 1685 1689 1698 1721 1751
1960 1911 1913 1966 2026 2070 2075 2061 2125 2140 2138 2139 2169 2177 2185 2196 2263 2343 2385 2372 2415 2453 2472 2463 2447 2445 2437 2420 2392 2361 2344 2330 2325 2331 2330 2329 2325 2318 2280 2229 2184 2149 2135 2153 2156 2121 2086 2056 2043 2029 2008 1989 1974 1955 1934 1917 1926 1944 1939 1917 1907 1899 1890 1880 1870 1850 1811 1787 1781 1765 1741 1727 1714 1708 1704 1701 1696 1692 1686 1682 1682 1688 1706 1737
1943 1920 1956 1992 2039 2086 2121 2115 2145 2187 2197 2200 2211 2228 2230 2229 2255 2332 2401 2431 2461 2472 2440 2420 2421 2425 2426 2395 2362 2337 2313 2295 2295 2304 2317 2340 2354 2332 2282 2237 2197 2171 2168 2173 2156 2114 2077 2055 2042 2024 2009 1992 1981 1958 1932 1946 1945 1948 1944 1935 1916 1898 1894 1885 1876 1859 1828 1820 1818 1786 1754 1735 1722 1709 1705 1702 1700 1696 1689 1683 1680 1679 1696 1730
1936 1946 1985 2020 2068 2125 2172 2196 2210 2237 2255 2272 2286 2292 2293 2291 2289 2328 2399 2463 2493 2455 2391 2362 2357 2366 2373 2352 2322 2300 2284 2262 2253 2269 2285 2318 2348 2339 2293 2254 2223 2207 2199 2175 2140 2097 2061 2044 2039 2022 2012 2000 1980 1966 1958 1969 1966 1957 1946 1945 1933 1908 1901 1890 1884 1874 1856 1861 1857 1806 1770 1744 1726 1715 1709 1703 1702 1700 1694 1686 1681 1676 1681 1708
1948 1968 2000 2054 2109 2143 2164 2186 2212 2233 2268 2310 2337 2352 2361 2370 2371 2378 2414 2477 2498 2444 2382 2327 2300 2306 2318 2309 2285 2260 2249 2229 2207 2229 2254 2293 2333 2349 2327 2290 2259 2232 2204 2167 2123 2080 2047 2036 2042 2034 2013 2001 1987 1979 1983 1976 1977 1973 1956 1944 1939 1916 1903 1893 1889 1885 1874 1880 1877 1827 1786 1757 1735 1722 1710 1706 1704 1703 1697 1690 1686 1679 1671 1687
1959 1996 2040 2066 2095 2110 2127 2136 2145 2174 2223 2283 2341 2390 2419 2431 2433 2439 2458 2483 2473 2437 2393 2334 2279 2252 2258 2262 2250 2221 2205 2198 2169 2192 2231 2275 2313 2348 2362 2334 2285 2238 2192 2151 2107 2067 2045 2039 2036 2034 2023 2010 2012 1999 1988 1993 1993 1985 1970 1948 1934 1923 1904 1894 1890 1889 1882 1887 1893 1856 1798 1767 1745 1729 1716 1709 1706 1706 1703 1696 1689 1681 1677 1677
1973 2005 2050 2074 2084 2093 2104 2125 2157 2196 2238 2288 2347 2409 2436 2427 2419 2430 2456 2463 2436 2416 2391 2345 2293 2242 2211 2209 2208 2199 2177 2164 2149 2174 2218 2247 2283 2330 2366 2347 2285 2225 2172 2127 2091 2072 2058 2040 2028 2032 2041 2033 2025 2017 2005 2010 2015 2002 1986 1965 1941 1923 1909 1898 1892 1891 1887 1888 1897 1871 1811 1776 1750 1733 1721 1712 1708 1707 1706 1700 1691 1683 1681 1674
1975 2020 2064 2078 2082 2108 2138 2159 2202 2252 2295 2334 2371 2400 2405 2381 2368 2383 2418 2430 2406 2384 2371 2350 2313 2269 2227 2192 2161 2160 2153 2133 2127 2146 2174 2201 2258 2313 2353 2345 2288 2230 2177 2142 2122 2102 2069 2039 2038 2048 2055 2050 2037 2028 2025 2031 2033 2020 2004 1983 1956 1927 1914 1905 1897 1893 1892 1891 1895 1868 1811 1778 1756 1739 1727 1716 1711 1709 1706 1703 1695 1686 1681 1677
2010 2057 2095 2096 2101 2145 2192 2214 2244 2292 2340 2371 2366 2359 2361 2340 2327 2352 2390 2404 2383 2351 2337 2338 2324 2285 2247 2222 2192 2165 2142 2118 2098 2112 2162 2216 2267 2304 2324 2323 2298 2260 2218 2188 2163 2124 2073 2044 2058 2081 2078 2065 2051 2038 2043 2069 2067 2036 2018 1998 1971 1940 1920 1910 1903 1895 1895 1897 1884 1847 1811 1784 1760 1746 1733 1724 1716 1712 1708 1703 1696 1690 1684 1675
2058 2135 2153 2110 2109 2144 2205 2250 2284 2327 2377 2382 2331 2310 2314 2290 2284 2325 2366 2382 2361 2325 2300 2305 2306 2281 2256 2227 2201 2179 2157 2130 2091 2101 2164 2215 2256 2274 2279 2289 2296 2288 2259 2220 2175 2122 2077 2062 2083 2111 2111 2084 2060 2053 2064 2105 2111 2062 2027 2010 1983 1955 1933 1914 1906 1891 1891 1895 1858 1819 1798 1780 1765 1752 1740 1730 1722 1717 1712 1706 1700 1693 1686 1676
2121 2194 2191 2144 2145 2162 2197 2261 2318 2367 2389 2360 2303 2265 2263 2242 2249 2306 2343 2351 2335 2311 2276 2261 2266 2253 2230 2204 2181 2161 2143 2121 2081 2090 2146 2194 2234 2241 2232 2243 2272 2291 2275 2232 2184 2142 2101 2090 2113 2142 2148 2108 2071 2067 2090 2139 2147 2092 2037 2015 2001 1973 1943 1918 1904 1891 1867 1849 1830 1807 1791 1781 1769 1758 1748 1737 1728 1721 1715 1711 1705 1695 1687 1680
2153 2223 2232 2187 2193 2225 2240 2281 2347 2387 2367 2323 2281 2234 2209 2207 2244 2296 2315 2311 2309 2301 2267 2234 2222 2213 2194 2170 2147 2128 2112 2098 2064 2070 2124 2172 2208 2208 2187 2200 2240 2273 2282 2255 2220 2174 2131 2131 2153 2181 2177 2124 2089 2097 2131 2188 2190 2119 2050 2020 2010 1984 1952 1924 1901 1884 1859 1834 1819 1803 1792 1783 1772 1764 1754 1743 1734 1727 1721 1717 1711 1700 1690 1684
2162 2240 2276 2261 2258 2284 2306 2331 2376 2387 2341 2281 2239 2202 2177 2206 2256 2281 2282 2270 2277 2286 2268 2235 2199 2182 2167 2143 2123 2114 2108 2093 2059 2053 2100 2152 2177 2170 2153 2166 2213 2255 2290 2294 2252 2201 2173 2184 2202 2215 2195 2142 2123 2142 2172 2210 2198 2138 2067 2020 2010 1994 1962 1933 1909 1891 1872 1851 1834 1817 1802 1792 1778 1768 1761 1750 1740 1732 1727 1721 1716 1707 1696 1685
2179 2233 2301 2326 2319 2331 2350 2364 2381 2372 2323 2258 2203 2166 2173 2217 2253 2262 2245 2225 2240 2264 2268 2248 2220 2193 2180 2177 2171 2162 2138 2113 2073 2040 2070 2120 2142 2123 2122 2162 2211 2253 2300 2329 2300 2245 2221 2236 2254 2253 2227 2173 2165 2191 2199 2187 2159 2134 2066 2015 2007 1999 1975 1949 1931 1917 1904 1884 1856 1832 1814 1798 1785 1773 1764 1754 1744 1736 1728 1722 1718 1712 1703 1689
2226 2268 2333 2361 2345 2331 2329 2336 2349 2343 2306 2252 2193 2145 2160 2205 2233 2235 2213 2186 2203 2231 2251 2266 2257 2237 2229 2227 2217 2195 2154 2120 2088 2040 2037 2079 2082 2083 2127 2180 2219 2251 2276 2307 2339 2306 2277 2296 2310 2299 2251 2213 2220 2223 2196 2149 2108 2080 2038 2018 2007 1995 1980 1956 1936 1924 1901 1880 1863 1837 1819 1805 1788 1774 1765 1756 1747 1738 1729 1721 1717 1715 1709 1699
2277 2330 2362 2359 2333 2296 2281 2285 2302 2311 2290 2246 2189 2134 2141 2184 2210 2210 2190 2158 2164 2185 2214 2261 2277 2267 2262 2261 2249 2212 2162 2125 2093 2059 2023 2021 2049 2096 2143 2180 2204 2216 2233 2273 2329 2365 2360 2366 2368 2329 2285 2271 2261 2223 2173 2114 2067 2038 2025 2020 2005 1987 1968 1945 1927 1912 1895 1872 1860 1851 1833 1814 1796 1782 1771 1760 1750 1741 1732 1727 1723 1720 1718 1708
2292 2339 2358 2350 2317 2264 2228 2234 2257 2272 2264 2235 2185 2133 2126 2157 2182 2181 2166 2135 2127 2147 2189 2233 2246 2246 2246 2254 2253 2223 2173 2135 2099 2066 2019 2021 2071 2113 2140 2153 2154 2159 2197 2250 2307 2378 2421 2437 2430 2380 2345 2309 2263 2210 2143 2095 2071 2052 2036 2023 2004 1982 1969 1961 1952 1936 1910 1894 1900 1877 1839 1821 1805 1788 1777 1766 1754 1744 1737 1735 1731 1727 1724 1716
2270 2320 2346 2337 2305 2254 2203 2187 2211 2227 2227 2215 2186 2139 2113 2124 2143 2141 2131 2112 2108 2137 2169 2192 2191 2192 2196 2212 2234 2229 2187 2149 2106 2060 2017 2017 2058 2093 2095 2083 2107 2140 2178 2232 2295 2370 2422 2443 2451 2439 2383 2319 2258 2197 2148 2129 2114 2084 2049 2028 2013 2003 1996 1989 1973 1944 1922 1930 1939 1910 1857 1832 1817 1798 1783 1774 1763 1751 1743 1740 1734 1729 1724 1721
2261 2317 2333 2318 2289 2255 2216 2171 2163 2168 2173 2170 2158 2127 2106 2102 2104 2099 2097 2094 2098 2113 2124 2145 2146 2136 2142 2172 2211 2223 2195 2154 2120 2069 2016 2008 2030 2041 2058 2097 2137 2172 2213 2259 2311 2375 2410 2423 2437 2453 2397 2323 2267 2220 2203 2180 2138 2090 2054 2035 2025 2022 2010 1994 1971 1949 1943 1958 1953 1907 1867 1860 1852 1824 1798 1782 1771 1760 1750 1743 1737 1731 1726 1724
2264 2313 2317 2286 2263 2234 2196 2158 2141 2134 2131 2126 2117 2105 2097 2092 2085 2082 2083 2086 2083 2081 2073 2093 2111 2096 2099 2143 2185 2203 2196 2163 2121 2061 2009 1994 2026 2056 2082 2110 2142 2180 2224 2273 2324 2379 2402 2409 2422 2437 2419 2353 2301 2274 2247 2198 2143 2099 2064 2052 2037 2029 2012 1992 1978 1970 1974 1974 1950 1907 1892 1918 1899 1856 1819 1794 1779 1768 1757 1750 1743 1735 1731 1727
2319 2322 2304 2269 2238 2211 2185 2168 2151 2137 2123 2116 2114 2111 2114 2116 2110 2105 2092 2081 2075 2070 2052 2037 2056 2066 2078 2121 2160 2181 2191 2163 2121 2077 2018 1993 2028 2031 2044 2071 2099 2137 2199 2263 2324 2371 2390 2397 2406 2413 2426 2407 2356 2310 2258 2208 2168 2125 2094 2075 2053 2035 2017 2001 1994 1991 1987 1977 1944 1918 1927 1938 1927 1886 1838 1802 1787 1777 1766 1758 1750 1741 1735 1733
2381 2365 2325 2292 2245 2237 2220 2167 2153 2137 2132 2138 2147 2147 2164 2169 2155 2134 2109 2084 2074 2061 2040 2021 2009 2022 2051 2091 2124 2154 2175 2157 2119 2061 2006 1985 1999 2031 2063 2100 2135 2175 2223 2275 2323 2355 2368 2373 2382 2389 2404 2426 2399 2335 2280 2243 2199 2144 2121 2102 2074 2040 2024 2019 2020 2006 1984 1966 1949 1951 1962 1955 1939 1917 1870 1825 1808 1790 1775 1768 1757 1749 1742 1738
2414 2415 2367 2321 2292 2245 2212 2192 2170 2152 2161 2179 2197 2190 2190 2173 2149 2120 2097 2072 2069 2063 2049 2050 2012 1998 2023 2056 2091 2126 2148 2143 2110 2068 2014 1977 1995 2019 2045 2074 2117 2186 2242 2286 2315 2332 2338 2342 2355 2366 2381 2405 2415 2369 2311 2270 2218 2179 2148 2132 2080 2046 2044 2044 2032 2008 1990 1980 1979 1987 1980 1968 1949 1932 1905 1871 1835 1804 1785 1774 1767 1758 1750 1744
2447 2463 2415 2352 2289 2265 2245 2216 2184 2184 2203 2228 2232 2204 2168 2130 2099 2088 2084 2078 2090 2094 2062 2027 2007 1992 2002 2037 2073 2094 2113 2123 2099 2061 2006 1970 2002 2027 2061 2099 2144 2194 2248 2286 2299 2305 2310 2318 2333 2346 2364 2380 2401 2399 2344 2297 2258 2218 2180 2137 2081 2070 2085 2086 2047 2016 2012 2010 2003 1993 1986 1976 1962 1944 1929 1904 1858 1818 1798 1785 1774 1764 1758 1749
2472 2510 2443 2376 2315 2300 2275 2234 2216 2228 2254 2253 2209 2163 2119 2096 2087 2111 2124 2116 2104 2070 2035 2025 2014 1992 1986 2006 2031 2047 2075 2093 2083 2050 1999 1966 1982 2005 2033 2077 2143 2202 2246 2274 2279 2281 2288 2300 2316 2329 2347 2359 2371 2393 2388 2350 2289 2246 2189 2141 2113 2122 2138 2115 2062 2039 2037 2027 2011 2000 1990 1981 1971 1955 1940 1914 1868 1828 1806 1793 1779 1768 1762 1753
2517 2538 2470 2406 2384 2352 2304 2266 2259 2268 2265 2225 2162 2118 2104 2111 2145 2169 2153 2115 2067 2053 2067 2059 2037 2006 1984 1975 1981 2000 2041 2055 2064 2035 1989 1960 1993 2026 2071 2105 2155 2211 2238 2258 2258 2260 2271 2286 2306 2315 2328 2335 2344 2365 2383 2387 2320 2266 2218 2183 2169 2180 2178 2125 2079 2083 2083 2054 2029 2009 1996 1985 1976 1965 1944 1912 1872 1833 1813 1802 1788 1774 1767 1759
2570 2558 2497 2469 2443 2405 2355 2305 2267 2270 2236 2177 2126 2113 2148 2189 2215 2203 2151 2109 2068 2102 2115 2092 2070 2040 2011 1985 1968 1969 1979 2000 2022 2019 1979 1955 1992 2026 2069 2126 2174 2208 2225 2237 2230 2226 2247 2274 2296 2298 2305 2310 2321 2341 2354 2383 2365 2313 2256 2239 2233 2226 2188 2145 2122 2140 2131 2098 2061 2027 2001 1992 1983 1974 1953 1913 1877 1844 1820 1810 1799 1785 1776 1767
2630 2593 2561 2540 2495 2444 2388 2313 2249 2240 2186 2134 2120 2144 2203 2260 2253 2217 2168 2107 2102 2144 2156 2137 2110 2080 2052 2021 1993 1983 1970 1955 1973 1992 1963 1954 1990 2022 2081 2135 2177 2195 2210 2215 2189 2190 2229 2258 2274 2273 2275 2282 2297 2318 2332 2350 2374 2350 2325 2310 2300 2263 2223 2201 2184 2193 2180 2149 2099 2047 2011 1998 1989 1977 1958 1932 1906 1868 1834 1815 1805 1795 1786 1776
2687 2655 2620 2575 2513 2445 2384 2298 2227 2194 2154 2140 2162 2194 2249 2301 2273 2227 2171 2119 2142 2178 2194 2184 2162 2122 2082 2046 2019 2002 1985 1965 1948 1952 1952 1957 2001 2040 2084 2130 2163 2171 2185 2174 2145 2165 2216 2240 2244 2244 2249 2260 2277 2298 2309 2324 2340 2370 2378 2364 2341 2311 2283 2261 2246 2242 2212 2172 2115 2061 2020 1998 1989 1982 1968 1958 1946 1903 1849 1820 1807 1798 1791 1786
2683 2719 2650 2579 2512 2435 2364 2264 2208 2171 2175 2210 2253 2266 2307 2321 2280 2219 2165 2161 2190 2218 2232 2222 2197 2155 2102 2060 2035 2019 2001 1989 1970 1946 1943 1949 1993 2023 2061 2102 2120 2120 2136 2121 2111 2149 2197 2213 2216 2220 2233 2247 2262 2276 2286 2303 2314 2329 2350 2362 2348 2336 2326 2310 2296 2272 2227 2172 2118 2068 2025 2002 1991 1988 1982 1971 1965 1938 1873 1832 1813 1801 1795 1789
2655 2717 2652 2584 2508 2419 2342 2237 2191 2171 2193 2245 2284 2310 2328 2311 2264 2217 2198 2224 2243 2265 2263 2238 2203 2166 2120 2077 2060 2050 2029 2012 1992 1969 1941 1936 1952 1986 2023 2068 2081 2061 2085 2065 2086 2144 2179 2187 2195 2205 2220 2234 2247 2256 2264 2279 2287 2301 2317 2324 2320 2313 2318 2327 2305 2255 2202 2153 2103 2061 2029 2011 1996 1989 1986 1984 1973 1948 1893 1847 1824 1812 1799 1785
2633 2696 2649 2580 2514 2435 2339 2232 2182 2171 2196 2242 2290 2329 2329 2307 2275 2262 2258 2276 2282 2280 2262 2230 2197 2163 2137 2109 2095 2084 2060 2042 2017 1993 1963 1933 1932 1941 1984 2028 2038 2010 2031 2033 2084 2138 2162 2169 2180 2191 2205 2215 2226 2235 2237 2253 2262 2276 2291 2297 2295 2284 2289 2306 2292 2241 2190 2136 2109 2080 2054 2017 1999 1987 1977 1942 1924 1904 1884 1860 1836 1821 1800 1781
2623 2682 2643 2565 2511 2439 2346 2250 2196 2171 2208 2275 2347 2378 2358 2327 2309 2300 2279 2279 2266 2239 2221 2203 2180 2170 2154 2138 2130 2116 2100 2081 2053 2023 1993 1958 1933 1928 1942 1971 1988 1971 1999 2040 2094 2136 2145 2150 2165 2174 2188 2197 2204 2213 2216 2231 2238 2253 2265 2271 2267 2254 2264 2288 2298 2256 2222 2191 2152 2110 2064 2025 2009 1989 1978 1979 1963 1932 1909 1873 1846 1830 1806 1783
