data/dogrib_c3/elevation.asc
ncols 100
nrows 100
xllcorner 457900
yllcorner 5716800
cellsize 100
NODATA_value -9999
[rows 0 to 37 of 100, columns 0 to 83 of 100]
1641 1639 1634 1630 1627 1624 1623 1624 1621 1619 1612 1606 1603 1601 1602 1593 1600 1595 1595 1597 1597 1587 1576 1575 1581 1585 1583 1579 1580 1580 1578 1576 1575 1573 1572 1570 1567 1565 1563 1561 1560 1560 1559 1560 1563 1564 1563 1563 1562 1561 1560 1559 1557 1555 1551 1549 1557 1560 1570 1581 1590 1587 1601 1612 1622 1632 1646 1658 1669 1683 1695 1707 1717 1733 1749 1746 1727 1704 1674 1651 1640 1631 1616 1642
1643 1638 1633 1633 1630 1628 1629 1629 1624 1617 1616 1606 1602 1604 1597 1586 1589 1584 1586 1587 1592 1588 1578 1571 1573 1575 1576 1577 1577 1577 1576 1573 1572 1571 1570 1569 1566 1564 1562 1560 1560 1559 1558 1558 1560 1562 1561 1562 1560 1559 1558 1558 1557 1556 1553 1551 1548 1548 1552 1560 1563 1566 1579 1584 1593 1606 1619 1631 1641 1658 1674 1692 1700 1716 1735 1748 1740 1729 1697 1665 1645 1628 1608 1628
1647 1637 1630 1631 1629 1630 1632 1625 1623 1619 1616 1607 1602 1600 1591 1587 1582 1579 1576 1573 1575 1576 1578 1574 1570 1573 1574 1575 1575 1574 1573 1572 1571 1569 1568 1566 1566 1562 1561 1560 1560 1559 1557 1558 1557 1560 1560 1560 1558 1558 1557 1557 1557 1555 1553 1552 1551 1550 1547 1545 1545 1551 1549 1551 1560 1577 1588 1598 1600 1616 1643 1660 1671 1684 1700 1716 1722 1724 1709 1677 1653 1630 1605 1603
1641 1634 1627 1629 1629 1628 1628 1623 1620 1617 1612 1603 1597 1591 1587 1588 1584 1577 1570 1571 1569 1569 1572 1572 1570 1574 1573 1572 1572 1572 1571 1570 1570 1567 1566 1565 1563 1561 1561 1561 1561 1559 1558 1557 1556 1556 1557 1556 1556 1556 1556 1554 1555 1553 1552 1552 1551 1551 1550 1550 1549 1546 1546 1544 1543 1544 1556 1572 1574 1591 1614 1620 1634 1649 1643 1671 1669 1686 1669 1662 1656 1631 1605 1593
1637 1634 1628 1626 1628 1625 1625 1622 1617 1610 1608 1599 1589 1581 1578 1579 1579 1573 1572 1572 1570 1570 1570 1569 1569 1570 1571 1570 1571 1570 1569 1569 1568 1566 1566 1564 1561 1565 1566 1566 1566 1558 1556 1555 1553 1553 1552 1554 1554 1554 1553 1552 1552 1552 1552 1552 1551 1550 1549 1549 1548 1548 1546 1546 1546 1545 1541 1542 1550 1562 1580 1592 1598 1617 1619 1630 1636 1657 1656 1641 1639 1627 1607 1588
1633 1636 1632 1622 1627 1623 1624 1621 1613 1605 1599 1592 1586 1574 1572 1572 1572 1573 1573 1572 1571 1570 1570 1569 1569 1569 1569 1568 1569 1567 1566 1567 1566 1564 1562 1561 1562 1573 1575 1578 1576 1573 1570 1565 1566 1562 1562 1567 1566 1559 1556 1553 1550 1552 1552 1552 1551 1550 1550 1548 1547 1547 1546 1546 1546 1545 1544 1544 1542 1543 1549 1565 1574 1586 1591 1599 1608 1619 1630 1626 1623 1617 1602 1586
1631 1629 1627 1622 1625 1621 1620 1617 1610 1596 1589 1578 1577 1574 1575 1574 1574 1575 1573 1572 1572 1572 1570 1569 1569 1569 1568 1566 1566 1566 1567 1566 1565 1562 1560 1560 1563 1575 1581 1588 1591 1589 1593 1592 1594 1592 1588 1583 1582 1575 1568 1565 1555 1549 1545 1549 1549 1550 1550 1548 1547 1546 1546 1546 1546 1545 1545 1544 1543 1543 1544 1548 1554 1563 1571 1580 1587 1593 1609 1616 1614 1601 1583 1609
1628 1626 1622 1620 1617 1621 1621 1616 1596 1588 1581 1573 1575 1576 1575 1575 1574 1573 1573 1572 1571 1571 1570 1568 1567 1565 1565 1567 1567 1568 1571 1572 1569 1566 1567 1571 1587 1600 1600 1600 1608 1609 1609 1608 1607 1618 1609 1601 1596 1589 1584 1580 1571 1558 1560 1561 1552 1547 1548 1549 1549 1547 1546 1545 1545 1544 1544 1544 1543 1544 1545 1549 1552 1555 1557 1561 1566 1567 1573 1573 1572 1578 1595 1633
1620 1622 1618 1617 1619 1612 1595 1594 1594 1592 1575 1577 1577 1576 1575 1575 1574 1572 1572 1571 1570 1570 1569 1567 1569 1569 1571 1580 1582 1583 1583 1584 1585 1593 1598 1603 1610 1617 1612 1607 1614 1630 1622 1620 1619 1625 1621 1625 1617 1602 1593 1593 1588 1577 1580 1586 1573 1554 1547 1545 1546 1546 1546 1546 1545 1543 1543 1543 1543 1543 1541 1543 1551 1553 1555 1557 1560 1561 1571 1593 1593 1596 1613 1635
1614 1615 1613 1595 1584 1584 1581 1581 1584 1585 1577 1578 1577 1576 1576 1574 1571 1572 1571 1571 1569 1571 1572 1572 1580 1586 1586 1591 1594 1592 1594 1601 1611 1617 1624 1629 1633 1633 1634 1626 1615 1640 1634 1632 1630 1628 1630 1640 1638 1629 1612 1606 1605 1596 1582 1588 1597 1588 1567 1554 1549 1546 1545 1544 1545 1544 1543 1542 1541 1542 1541 1543 1550 1550 1552 1555 1558 1561 1574 1593 1605 1608 1613 1632
1598 1588 1584 1584 1581 1580 1580 1580 1579 1579 1579 1578 1578 1577 1573 1571 1576 1577 1573 1572 1575 1580 1585 1586 1590 1600 1606 1605 1605 1607 1616 1623 1630 1635 1640 1642 1641 1640 1643 1635 1623 1651 1644 1644 1644 1641 1640 1645 1649 1651 1644 1627 1620 1614 1604 1593 1599 1612 1609 1590 1578 1563 1550 1545 1545 1544 1543 1542 1542 1542 1542 1540 1543 1550 1550 1552 1555 1555 1560 1576 1590 1596 1608 1628
1586 1584 1583 1583 1583 1582 1581 1580 1578 1577 1576 1576 1574 1571 1572 1580 1590 1591 1587 1587 1593 1595 1597 1601 1608 1615 1617 1618 1619 1628 1642 1647 1651 1653 1654 1652 1652 1654 1656 1646 1640 1664 1659 1659 1658 1655 1652 1652 1651 1655 1661 1653 1636 1625 1619 1611 1605 1611 1624 1622 1613 1604 1586 1564 1552 1545 1543 1542 1541 1541 1541 1540 1539 1543 1550 1548 1551 1551 1551 1561 1575 1583 1597 1613
1585 1584 1584 1583 1582 1582 1581 1580 1578 1577 1576 1576 1579 1579 1586 1598 1601 1606 1608 1608 1608 1611 1619 1625 1628 1630 1635 1638 1636 1644 1665 1668 1670 1672 1675 1674 1673 1671 1669 1657 1647 1671 1675 1670 1668 1666 1664 1664 1660 1660 1663 1665 1658 1640 1630 1625 1617 1615 1630 1641 1638 1628 1610 1590 1580 1562 1548 1543 1542 1541 1541 1540 1541 1539 1542 1548 1547 1547 1548 1548 1556 1571 1575 1587
1584 1584 1583 1581 1580 1581 1579 1576 1576 1581 1582 1582 1592 1603 1609 1612 1612 1621 1626 1625 1628 1636 1644 1647 1646 1646 1650 1663 1661 1662 1681 1689 1692 1697 1703 1704 1703 1696 1687 1680 1663 1669 1686 1678 1676 1675 1676 1676 1672 1669 1665 1666 1669 1662 1647 1641 1634 1626 1636 1652 1656 1642 1629 1619 1606 1594 1574 1555 1543 1541 1541 1540 1539 1540 1540 1541 1544 1545 1546 1545 1544 1546 1554 1570
1582 1581 1578 1582 1584 1578 1581 1594 1597 1595 1599 1601 1612 1624 1629 1631 1634 1635 1639 1648 1660 1667 1668 1666 1667 1670 1671 1682 1686 1682 1688 1712 1727 1733 1741 1738 1726 1713 1714 1692 1652 1676 1698 1686 1686 1691 1690 1688 1683 1679 1674 1670 1671 1674 1668 1658 1649 1640 1650 1663 1662 1659 1653 1643 1634 1618 1603 1590 1574 1549 1538 1539 1540 1540 1539 1537 1540 1541 1542 1541 1540 1536 1536 1549
1588 1596 1611 1629 1625 1612 1622 1621 1617 1617 1619 1625 1634 1643 1649 1656 1659 1653 1659 1679 1693 1694 1691 1689 1694 1698 1687 1693 1708 1704 1705 1738 1781 1792 1786 1767 1742 1733 1709 1676 1667 1693 1716 1713 1716 1716 1710 1705 1700 1694 1689 1684 1679 1677 1679 1669 1661 1662 1667 1677 1684 1685 1679 1662 1630 1618 1616 1599 1590 1589 1565 1540 1538 1538 1538 1537 1538 1538 1537 1537 1537 1537 1533 1535
1616 1629 1643 1655 1651 1652 1651 1640 1634 1634 1643 1650 1653 1662 1671 1675 1673 1675 1688 1704 1714 1711 1708 1717 1728 1726 1711 1717 1730 1731 1732 1751 1799 1817 1797 1780 1761 1760 1715 1684 1701 1721 1749 1752 1754 1749 1738 1730 1722 1715 1708 1701 1693 1686 1684 1678 1677 1679 1676 1684 1696 1699 1697 1694 1673 1639 1618 1598 1592 1584 1569 1562 1549 1536 1537 1537 1537 1537 1537 1535 1535 1536 1535 1533
1639 1654 1659 1665 1668 1674 1664 1651 1648 1655 1670 1676 1676 1683 1690 1690 1689 1699 1715 1724 1728 1728 1729 1746 1753 1740 1739 1746 1756 1760 1758 1765 1796 1821 1814 1796 1791 1765 1708 1710 1745 1756 1781 1801 1801 1789 1775 1761 1747 1736 1728 1720 1711 1703 1695 1688 1688 1694 1692 1691 1699 1707 1710 1709 1704 1693 1683 1649 1615 1603 1592 1578 1566 1553 1541 1536 1536 1536 1537 1536 1535 1535 1534 1533
1645 1657 1667 1677 1681 1675 1664 1663 1674 1687 1698 1698 1702 1708 1709 1712 1720 1731 1742 1743 1740 1744 1757 1769 1766 1759 1767 1757 1774 1804 1805 1810 1821 1830 1825 1812 1802 1756 1709 1733 1783 1811 1827 1845 1847 1832 1813 1793 1774 1760 1748 1737 1727 1720 1708 1700 1697 1703 1711 1706 1704 1711 1716 1713 1718 1725 1733 1714 1675 1644 1617 1602 1586 1581 1569 1551 1538 1533 1534 1535 1535 1535 1533 1533
1649 1664 1680 1686 1677 1675 1677 1681 1695 1710 1717 1720 1725 1732 1736 1739 1748 1763 1767 1761 1756 1768 1789 1783 1784 1790 1800 1807 1815 1853 1873 1870 1861 1848 1840 1831 1823 1768 1723 1752 1810 1847 1857 1865 1869 1863 1849 1828 1805 1786 1768 1752 1742 1731 1720 1714 1711 1706 1716 1721 1714 1714 1720 1722 1724 1734 1750 1749 1726 1692 1660 1637 1618 1598 1584 1576 1567 1547 1538 1535 1533 1535 1534 1533
1676 1680 1682 1679 1675 1677 1684 1694 1710 1725 1738 1745 1744 1749 1760 1764 1765 1778 1786 1781 1783 1799 1805 1793 1808 1828 1853 1886 1850 1878 1922 1910 1893 1880 1876 1867 1854 1787 1740 1770 1826 1862 1869 1871 1875 1879 1883 1869 1842 1816 1791 1772 1757 1740 1733 1730 1728 1719 1716 1725 1724 1719 1722 1727 1730 1740 1757 1757 1745 1726 1705 1680 1652 1624 1612 1605 1583 1566 1555 1542 1534 1534 1534 1534
1666 1672 1678 1679 1681 1687 1699 1716 1733 1746 1755 1757 1757 1761 1775 1782 1780 1789 1805 1805 1822 1818 1799 1809 1848 1909 1935 1943 1903 1927 1948 1929 1921 1912 1898 1881 1872 1803 1752 1785 1849 1883 1881 1873 1882 1891 1894 1893 1875 1847 1825 1798 1768 1749 1746 1747 1740 1731 1723 1729 1733 1727 1724 1729 1732 1738 1754 1762 1751 1738 1728 1713 1688 1658 1639 1625 1608 1591 1572 1554 1539 1533 1534 1534
1683 1693 1696 1698 1700 1710 1724 1740 1755 1763 1768 1775 1783 1780 1790 1796 1794 1809 1827 1839 1857 1829 1815 1861 1919 1981 2002 1990 1956 1960 1965 1950 1941 1934 1920 1896 1873 1801 1780 1825 1876 1899 1900 1892 1892 1898 1896 1898 1895 1875 1855 1825 1787 1766 1757 1758 1750 1742 1733 1734 1739 1736 1728 1729 1734 1736 1746 1755 1747 1739 1737 1729 1710 1689 1664 1641 1623 1603 1588 1563 1538 1533 1534 1534
1693 1703 1715 1721 1727 1739 1751 1762 1775 1787 1795 1808 1812 1809 1809 1816 1819 1830 1852 1876 1868 1847 1866 1956 2008 2012 2001 1990 1983 1976 1967 1957 1949 1935 1909 1884 1875 1836 1786 1828 1884 1908 1919 1915 1909 1910 1908 1903 1904 1900 1880 1851 1817 1788 1769 1761 1756 1748 1742 1741 1742 1742 1735 1730 1736 1739 1738 1745 1742 1738 1738 1738 1724 1706 1692 1674 1652 1625 1599 1576 1548 1531 1532 1533
1712 1723 1734 1744 1756 1770 1780 1790 1802 1817 1827 1835 1833 1837 1831 1846 1852 1856 1873 1882 1879 1877 1945 2030 2034 2017 2007 1995 1985 1977 1969 1963 1957 1942 1919 1901 1872 1840 1802 1838 1888 1913 1925 1933 1936 1930 1923 1911 1904 1906 1901 1880 1848 1813 1782 1766 1758 1753 1751 1749 1748 1744 1742 1733 1735 1742 1740 1737 1736 1735 1736 1734 1733 1721 1705 1698 1689 1674 1649 1612 1576 1547 1530 1531
1733 1743 1756 1771 1785 1798 1811 1823 1838 1845 1847 1851 1854 1858 1857 1871 1885 1892 1903 1900 1907 1937 2034 2049 2029 2023 2014 2002 1997 1992 1989 1978 1965 1948 1927 1909 1883 1846 1825 1872 1908 1919 1927 1938 1950 1955 1948 1928 1909 1905 1908 1902 1878 1843 1803 1779 1764 1759 1757 1756 1751 1748 1747 1739 1736 1744 1743 1736 1733 1732 1735 1733 1732 1725 1718 1711 1710 1714 1705 1676 1641 1591 1541 1523
1750 1759 1768 1788 1809 1825 1835 1845 1852 1860 1866 1873 1879 1881 1883 1887 1918 1935 1941 1928 1921 2011 2078 2060 2039 2033 2025 2022 2024 2017 2006 1982 1968 1954 1937 1914 1879 1837 1848 1894 1925 1937 1939 1942 1955 1966 1962 1947 1927 1912 1909 1914 1899 1870 1844 1788 1768 1761 1758 1758 1753 1749 1747 1741 1740 1743 1743 1736 1733 1735 1735 1733 1732 1730 1731 1731 1737 1738 1732 1723 1712 1666 1612 1564
1770 1788 1803 1817 1828 1835 1842 1853 1864 1877 1890 1900 1904 1903 1905 1923 1950 1993 1977 1984 2015 2085 2090 2072 2060 2051 2047 2045 2040 2037 2020 1995 1979 1963 1944 1921 1881 1869 1860 1897 1932 1955 1961 1961 1968 1976 1974 1962 1943 1925 1916 1916 1908 1889 1880 1830 1788 1769 1761 1759 1754 1750 1745 1742 1742 1741 1742 1738 1731 1733 1735 1733 1731 1733 1734 1743 1751 1761 1765 1761 1754 1738 1715 1660
1796 1804 1817 1825 1831 1840 1852 1868 1888 1905 1920 1931 1933 1926 1929 1973 2005 2055 2067 2106 2141 2120 2098 2082 2075 2071 2063 2053 2041 2038 2029 2007 1993 1967 1936 1913 1884 1906 1891 1900 1941 1970 1984 1983 1989 2000 1995 1979 1956 1939 1928 1919 1912 1902 1888 1884 1827 1785 1768 1760 1755 1752 1749 1749 1744 1739 1740 1737 1731 1731 1732 1733 1733 1735 1739 1750 1769 1785 1794 1795 1787 1784 1780 1767
1805 1811 1819 1829 1841 1855 1872 1894 1917 1940 1962 1977 1974 1961 1953 2007 2071 2131 2162 2160 2138 2118 2107 2094 2093 2089 2076 2065 2051 2034 2029 2012 1997 1966 1939 1920 1920 1935 1910 1909 1946 1982 2006 2012 2017 2022 2014 2000 1980 1958 1941 1930 1919 1909 1897 1888 1867 1813 1777 1762 1754 1753 1751 1751 1750 1742 1738 1737 1734 1730 1730 1736 1735 1738 1740 1748 1765 1788 1811 1819 1810 1807 1810 1825
1804 1811 1824 1841 1858 1875 1896 1916 1949 1984 2020 2050 2041 2023 2004 2031 2112 2186 2180 2153 2135 2123 2116 2112 2107 2100 2087 2071 2052 2033 2023 2007 1976 1965 1952 1936 1946 1949 1923 1924 1956 1992 2026 2044 2049 2051 2043 2025 2005 1979 1957 1951 1936 1918 1907 1894 1896 1849 1789 1765 1755 1752 1749 1751 1752 1747 1738 1733 1730 1730 1727 1729 1733 1735 1742 1747 1757 1776 1804 1825 1828 1826 1834 1852
1800 1814 1833 1853 1874 1900 1926 1948 1988 2037 2099 2130 2138 2111 2096 2100 2162 2198 2181 2157 2144 2135 2128 2120 2111 2106 2091 2074 2048 2030 2014 2012 1988 1970 1961 1963 1975 1962 1936 1955 1967 2005 2039 2069 2083 2093 2085 2057 2026 1994 1975 1965 1957 1929 1913 1899 1893 1881 1813 1775 1759 1751 1750 1750 1752 1748 1740 1734 1732 1730 1726 1726 1729 1732 1738 1745 1753 1768 1788 1813 1835 1846 1860 1886
1782 1811 1836 1858 1883 1908 1933 1951 1979 2022 2074 2121 2167 2168 2169 2181 2209 2207 2184 2167 2156 2146 2137 2127 2116 2113 2092 2070 2048 2044 2037 2025 1997 1982 1979 1993 2006 1970 1951 1986 2006 2026 2059 2086 2115 2138 2118 2086 2052 2022 1994 1971 1960 1939 1923 1910 1890 1891 1847 1794 1769 1752 1747 1747 1749 1748 1741 1732 1731 1728 1724 1723 1722 1731 1736 1744 1753 1762 1774 1796 1820 1845 1870 1904
1765 1797 1834 1855 1884 1907 1919 1927 1942 1971 2013 2076 2136 2152 2171 2186 2206 2214 2196 2177 2172 2161 2148 2136 2124 2111 2094 2071 2057 2058 2056 2042 2022 1992 2000 2032 2022 1976 1978 2029 2041 2054 2084 2108 2128 2144 2121 2097 2075 2054 2013 1977 1959 1947 1933 1922 1901 1885 1872 1820 1786 1756 1748 1746 1743 1746 1741 1734 1728 1724 1724 1720 1718 1720 1730 1739 1749 1761 1768 1775 1803 1832 1862 1901
1787 1776 1801 1831 1864 1896 1907 1913 1920 1941 1982 2040 2098 2122 2147 2160 2178 2203 2213 2205 2199 2186 2167 2148 2134 2122 2105 2081 2083 2093 2088 2060 2030 2009 2040 2055 2026 1993 2022 2068 2075 2078 2094 2113 2121 2121 2103 2088 2071 2058 2021 1982 1966 1954 1941 1931 1913 1893 1879 1846 1799 1773 1755 1747 1742 1740 1736 1733 1727 1722 1721 1718 1712 1717 1724 1732 1742 1758 1772 1768 1786 1817 1848 1888
1818 1789 1812 1836 1856 1883 1903 1915 1923 1943 1960 2006 2069 2108 2120 2127 2148 2176 2212 2235 2239 2218 2189 2161 2138 2128 2117 2104 2121 2123 2113 2073 2041 2035 2074 2078 2030 2018 2066 2093 2094 2093 2069 2080 2092 2088 2080 2071 2056 2047 2030 1992 1976 1961 1948 1938 1922 1903 1882 1855 1823 1794 1765 1752 1747 1744 1738 1732 1729 1722 1718 1715 1712 1711 1716 1725 1734 1750 1763 1766 1772 1798 1836 1881
1835 1816 1801 1841 1874 1907 1922 1935 1951 1976 1976 1996 2059 2079 2072 2086 2108 2150 2195 2242 2269 2253 2215 2182 2150 2131 2123 2118 2122 2124 2117 2089 2049 2073 2109 2092 2034 2050 2099 2125 2119 2113 2086 2061 2061 2061 2056 2048 2039 2033 2025 1999 1982 1966 1953 1943 1929 1912 1890 1872 1846 1810 1778 1761 1755 1747 1742 1737 1730 1723 1719 1713 1710 1709 1710 1719 1726 1737 1750 1764 1775 1795 1825 1870
1852 1831 1815 1846 1877 1924 1970 1990 2010 2046 2027 2008 2038 2052 2072 2097 2107 2128 2181 2232 2277 2287 2246 2209 2170 2142 2131 2132 2138 2139 2123 2097 2066 2118 2124 2101 2048 2081 2125 2156 2145 2120 2105 2081 2059 2055 2051 2045 2029 2014 2005 1990 1976 1968 1958 1946 1931 1918 1900 1882 1858 1826 1795 1775 1765 1756 1747 1736 1730 1724 1717 1712 1707 1705 1705 1709 1717 1727 1739 1756 1777 1803 1819 1852
