data/dogrib_c3/saz.asc
ncols 100
nrows 100
xllcorner 457900
yllcorner 5716800
cellsize 100
NODATA_value -9999
[rows 0 to 47 of 100, columns 0 to 95 of 100]
-1 108 103 85 76 68 18 45 67 73 85 115 145 151 142 174 183 170 176 175 103 81 104 199 205 184 154 156 188 159 138 145 153 153 146 124 120 122 117 116 -1 -1 195 218 215 185 163 158 150 149 129 85 71 156 162 193 202 199 203 201 188 194 207 204 203 206 208 205 208 215 220 220 225 236 263 42 43 45 52 55 67 98 211 216 122 295 288 275 259 250 235 221 221 216 179 162
53 92 109 90 57 7 6 58 81 79 79 84 97 122 116 146 170 166 181 188 176 132 99 130 205 195 180 180 180 164 145 142 147 147 147 130 115 117 119 116 -1 116 -1 213 217 196 175 158 144 151 155 144 101 83 69 -1 188 199 203 195 188 195 196 194 200 204 202 197 200 207 211 207 207 214 211 185 105 65 63 62 70 90 165 195 192 244 227 201 200 206 199 199 205 204 191 190
107 105 132 168 126 -1 119 118 115 104 102 104 132 137 123 110 117 140 164 182 183 175 149 106 -1 240 198 186 174 163 150 145 135 139 147 143 127 122 116 -1 -1 84 -1 -1 205 201 180 163 157 161 155 170 147 120 108 68 38 35 185 189 193 193 187 191 200 201 201 194 197 211 210 200 200 199 199 193 182 159 119 97 82 85 112 195 216 210 195 186 188 193 190 193 201 213 230 267
140 108 116 192 161 173 140 119 128 135 122 120 137 146 158 156 119 114 128 155 169 199 186 145 201 230 171 176 176 159 154 158 135 130 135 130 129 -1 3 2 37 81 126 147 173 188 181 175 173 172 157 171 167 140 -1 -1 -1 75 45 21 -1 -1 156 190 201 201 202 195 199 214 208 197 200 193 195 195 191 181 152 144 118 95 95 199 229 180 187 186 189 200 205 209 208 220 235 236
155 88 81 164 172 147 139 113 121 137 135 124 127 142 171 179 153 122 71 45 53 -1 -1 150 201 205 169 176 176 156 167 168 139 139 149 135 300 330 352 359 20 27 19 17 13 10 345 349 13 36 80 127 170 -1 -1 -1 -1 -1 -1 135 125 90 -1 -1 18 -1 202 198 202 209 205 199 202 195 194 196 198 194 164 159 149 115 100 168 231 154 182 210 225 247 253 240 195 202 214 204
182 138 104 135 180 138 149 118 116 132 143 142 131 125 161 180 167 -1 -1 -1 45 -1 -1 -1 -1 -1 155 172 173 154 174 164 135 138 153 170 284 307 338 351 9 9 6 3 2 5 359 358 12 22 20 30 48 149 180 183 144 -1 -1 101 -1 -1 -1 -1 -1 68 30 -1 208 209 210 204 203 199 195 198 200 201 186 167 155 133 119 326 323 6 6 347 306 270 240 211 171 168 196 193
173 156 133 149 180 152 130 118 123 134 138 147 149 102 15 15 -1 -1 90 -1 -1 -1 90 -1 161 164 158 165 -1 -1 345 18 52 53 5 332 320 329 342 343 357 0 1 1 357 4 9 8 16 22 17 23 36 35 354 2 60 -1 -1 75 54 -1 -1 -1 -1 -1 -1 -1 -1 264 238 221 212 205 201 200 196 199 195 180 170 156 261 320 352 9 15 15 358 309 221 192 169 155 157 173
174 152 141 156 171 156 158 144 126 118 117 126 -1 -1 -1 -1 -1 144 135 125 -1 144 116 125 -1 -1 329 344 355 351 352 3 4 358 353 342 334 344 358 343 338 354 4 3 347 0 16 13 21 28 19 21 31 17 353 8 33 48 125 168 -1 -1 -1 -1 -1 144 -1 -1 -1 -1 233 244 240 218 206 203 194 200 207 193 178 268 297 304 344 11 17 20 19 11 12 33 81 93 32 30
183 166 146 160 171 162 163 168 155 110 96 14 6 -1 -1 116 128 144 -1 126 -1 -1 45 347 343 353 341 341 355 356 351 351 350 349 350 346 341 352 12 4 315 339 15 7 348 354 3 5 22 29 22 14 25 20 353 3 26 30 30 33 63 -1 -1 -1 -1 -1 -1 -1 180 168 200 243 245 221 222 225 215 247 278 315 347 327 292 280 304 354 12 20 19 14 14 14 14 3 354 5
176 171 160 156 167 165 162 183 185 138 97 -1 -1 83 122 135 -1 21 45 26 341 339 355 344 334 345 348 346 355 353 344 342 342 344 346 348 350 356 14 30 315 317 20 6 3 1 339 347 16 24 23 15 19 28 16 344 6 20 23 20 18 27 42 -1 -1 75 -1 -1 -1 -1 -1 245 237 218 221 227 222 239 248 247 246 261 261 265 281 319 2 18 18 16 15 11 9 0 352 357
169 165 164 147 128 125 -1 165 177 158 140 153 145 142 144 324 341 7 12 353 344 344 349 345 333 338 351 355 352 342 341 343 344 345 348 354 358 353 16 40 325 320 14 2 7 7 348 337 356 12 23 24 24 29 26 5 328 355 18 19 17 21 25 26 30 59 83 -1 -1 -1 -1 207 223 225 217 216 205 207 223 224 213 214 237 249 259 279 336 15 20 20 15 9 7 0 350 349
160 135 125 -1 -1 45 -1 90 111 143 158 -1 75 6 330 329 341 0 4 354 348 347 346 346 342 342 351 358 348 330 336 348 350 351 357 2 0 357 18 38 323 317 9 4 8 11 2 357 350 339 15 30 33 33 30 23 352 306 344 13 17 23 30 29 26 34 42 57 -1 -1 -1 -1 225 223 214 206 195 189 214 220 215 214 219 228 239 248 268 350 21 24 15 4 2 359 352 347
-1 -1 -1 135 161 144 129 135 -1 0 5 338 343 346 337 337 341 348 358 356 350 345 346 350 351 348 345 354 352 325 328 349 352 352 357 1 3 6 20 34 337 301 358 16 11 9 3 7 8 350 351 26 35 35 27 24 18 326 307 347 19 34 37 29 25 29 32 37 48 -1 -1 -1 -1 221 218 205 190 189 200 209 210 205 207 219 229 235 239 254 357 20 15 1 352 353 356 354
170 154 159 -1 -1 135 338 351 353 351 355 341 333 340 344 349 346 341 350 351 347 346 349 355 357 353 340 347 358 334 319 338 349 350 355 3 11 14 21 47 25 287 338 28 3 0 1 11 16 15 12 0 24 32 27 23 25 349 310 325 20 35 30 25 25 29 30 28 30 42 85 -1 -1 -1 206 203 199 195 182 183 195 195 207 219 226 231 232 231 243 342 13 5 348 346 356 357
345 345 344 352 8 3 347 352 358 355 352 342 333 337 347 352 355 350 339 339 345 352 358 359 355 358 347 336 356 352 318 321 342 353 1 16 27 28 56 84 42 296 337 13 356 359 6 13 18 19 18 9 3 21 29 30 26 355 324 330 4 16 22 34 45 43 36 33 29 30 36 47 -1 -1 149 200 209 189 178 169 163 177 209 218 219 225 228 228 231 239 312 2 354 346 353 355
349 340 339 351 8 1 355 3 4 354 347 343 337 337 344 350 0 353 334 331 344 0 1 352 352 7 2 333 348 0 326 306 323 355 19 38 35 43 79 78 337 314 339 1 358 5 12 14 16 17 17 17 16 10 32 36 15 354 332 327 348 6 20 37 48 49 61 65 43 42 47 39 38 94 153 -1 210 180 168 169 165 116 198 216 212 218 224 226 226 225 230 264 342 354 356 351
346 335 333 346 4 1 12 22 5 345 342 348 344 338 343 354 357 342 331 331 347 5 351 342 354 15 4 339 345 359 337 296 289 349 47 45 33 61 76 12 331 326 335 354 2 12 16 17 18 18 19 21 23 18 26 25 359 356 347 316 320 354 13 27 32 26 29 37 36 49 48 35 35 38 38 -1 -1 -1 -1 -1 -1 -1 101 191 210 219 223 222 219 221 227 231 242 312 357 352
334 320 325 337 352 15 44 21 350 339 341 352 349 343 348 356 348 337 335 342 352 354 339 338 4 15 359 341 336 351 352 323 300 333 46 38 51 84 81 322 325 334 335 349 6 16 21 23 24 23 23 25 25 25 29 19 349 348 359 342 313 325 359 18 21 13 17 27 27 26 30 31 31 26 27 33 56 168 180 -1 -1 -1 119 -1 -1 228 233 227 220 222 226 224 220 220 223 272
306 298 315 334 8 57 35 349 335 335 344 353 348 348 353 350 342 339 347 0 354 337 337 347 7 358 355 349 330 341 355 351 344 358 34 33 63 81 57 301 311 332 336 345 8 21 26 29 29 28 30 32 30 34 34 20 357 332 348 5 344 313 340 357 347 348 10 28 30 29 30 28 27 26 30 28 29 33 33 -1 -1 -1 90 -1 -1 216 242 244 235 226 223 217 216 215 205 196
338 315 311 355 107 23 346 328 321 327 342 351 347 345 350 348 336 336 356 9 349 332 344 359 347 343 346 355 339 327 349 5 10 13 17 20 54 70 28 293 295 315 333 337 3 18 24 30 32 34 37 36 38 42 32 16 12 349 319 2 12 332 322 338 317 305 341 33 39 35 30 28 31 32 26 25 33 34 29 41 63 -1 -1 -1 -1 90 216 232 241 237 220 215 216 214 206 201
333 299 263 130 28 324 322 321 320 325 337 351 349 334 338 350 336 324 352 0 346 342 3 338 327 336 342 2 357 321 343 20 22 17 17 22 58 71 28 290 291 309 344 334 332 355 16 30 36 37 37 40 49 46 20 11 21 22 331 330 19 8 317 312 299 281 288 42 52 42 33 32 36 33 23 28 38 36 36 45 51 -1 -1 -1 -1 78 111 228 234 227 216 223 223 217 214 213
322 317 343 357 345 332 326 324 326 330 337 349 353 335 329 351 341 321 339 345 351 24 356 321 321 331 346 13 9 331 352 32 22 22 33 45 76 78 11 298 297 319 8 0 325 332 4 32 40 39 38 47 53 42 12 13 31 36 5 325 8 29 350 295 278 259 251 127 81 57 40 40 41 37 32 38 43 42 48 60 70 81 -1 -1 126 135 74 -1 222 212 212 223 225 223 223 218
342 334 346 352 344 335 330 327 329 337 341 346 355 351 338 350 342 323 329 338 10 32 332 322 325 330 353 30 19 346 17 42 33 51 73 82 82 75 351 291 292 316 6 9 347 346 5 21 38 39 42 50 50 40 24 26 44 43 20 337 356 37 32 308 287 258 234 182 119 88 45 48 49 43 38 38 42 48 56 66 73 84 215 125 108 -1 -1 -1 153 205 210 208 210 225 229 217
340 328 337 344 341 337 336 333 333 339 342 346 357 0 348 347 346 328 320 336 28 355 319 320 333 347 48 67 43 30 58 57 56 77 86 87 80 73 356 279 279 296 345 6 2 4 18 24 28 37 44 48 48 46 46 49 57 47 22 356 1 38 46 357 289 288 227 185 143 138 95 61 54 47 38 31 31 33 39 48 53 52 74 180 -1 -1 -1 -1 65 50 203 205 210 223 227 217
345 331 332 336 336 337 339 338 337 341 342 348 356 1 349 340 347 338 330 346 0 326 314 319 358 53 60 57 46 39 36 39 54 68 66 66 77 76 353 293 290 292 307 339 357 9 25 40 41 35 42 46 48 51 52 52 52 37 17 12 23 34 47 38 293 308 63 147 155 175 176 102 65 54 40 26 21 21 27 33 36 43 55 156 202 135 -1 -1 -1 39 38 53 216 225 224 215
345 329 324 325 330 334 337 336 336 341 344 348 352 357 347 330 338 344 352 1 330 312 315 348 58 52 43 27 16 17 30 48 64 69 69 75 84 77 323 300 305 318 314 304 326 4 31 44 44 28 28 44 49 50 51 56 57 43 22 33 51 45 58 54 312 294 77 93 122 -1 -1 108 79 52 28 10 3 11 24 26 30 37 38 37 61 196 -1 0 14 -1 74 59 21 238 226 225
343 332 328 323 324 328 327 324 326 334 341 346 352 356 346 326 326 345 2 359 325 311 325 40 41 25 19 9 9 21 45 60 63 65 69 80 83 60 305 289 299 329 344 327 315 348 36 47 46 37 9 41 55 46 48 54 51 48 42 60 72 78 88 70 326 265 96 88 95 270 -1 94 66 22 1 350 347 0 15 18 25 30 28 32 40 59 202 213 -1 127 141 119 -1 -1 236 238
343 330 329 324 317 312 310 315 324 331 338 346 357 359 337 326 324 342 357 349 337 330 5 50 31 19 15 17 22 40 58 57 56 72 86 89 67 19 326 284 287 317 349 347 333 349 27 47 51 44 27 45 61 48 45 47 46 46 46 63 75 71 60 39 39 -1 120 94 112 220 180 101 -1 329 318 318 329 345 1 9 18 21 22 29 33 34 36 146 191 163 143 -1 -1 -1 270 251
342 317 306 305 308 313 316 319 325 331 338 350 4 6 326 316 322 337 349 346 349 11 51 43 20 21 29 43 60 78 75 67 70 84 92 80 19 4 3 292 283 302 339 351 343 355 25 43 47 43 38 44 55 55 46 49 52 52 54 68 79 63 33 23 49 73 123 95 85 194 225 -1 339 315 293 286 295 316 343 6 13 10 12 21 28 32 37 44 63 190 183 -1 -1 206 245 247
318 292 293 305 316 319 319 318 321 328 337 352 8 12 334 305 309 327 349 5 69 81 54 28 15 30 45 56 73 93 99 98 101 91 73 37 349 11 32 301 284 293 323 347 349 1 25 37 42 44 38 34 43 52 52 50 54 57 62 71 82 90 75 18 50 62 90 113 106 128 220 232 251 276 273 261 255 263 288 352 12 0 349 1 22 33 42 45 41 37 -1 206 -1 233 225 214
250 279 295 305 313 318 320 317 317 323 333 351 8 12 354 316 302 314 37 82 78 54 35 28 28 48 63 77 90 102 110 98 94 81 50 5 347 35 33 316 293 290 306 334 349 2 22 36 46 50 39 30 43 52 57 48 54 62 64 65 70 90 -1 -1 64 72 81 102 112 110 180 213 215 237 254 254 248 246 247 263 344 346 331 333 3 30 41 44 40 33 25 28 74 254 -1 167
224 265 284 293 299 303 308 301 292 292 301 329 2 11 0 333 314 330 74 70 50 38 36 46 49 64 80 90 89 73 54 62 65 49 14 346 3 50 9 323 313 299 300 317 337 359 26 42 50 50 45 42 56 61 58 63 65 66 64 59 61 75 135 214 142 87 84 86 93 105 135 201 219 238 249 255 254 245 239 239 257 301 310 315 337 14 35 41 41 38 33 39 52 284 -1 75
220 252 266 274 278 275 259 241 236 234 233 240 263 1 349 328 316 24 67 54 38 37 43 51 54 75 87 87 68 28 26 45 56 35 341 338 30 58 335 322 330 314 306 310 317 359 48 55 49 47 54 65 75 68 54 57 65 68 65 59 58 68 98 183 180 111 90 94 122 126 131 164 208 228 239 250 255 248 236 233 238 252 271 282 297 344 27 41 44 44 43 46 49 36 -1 147
256 244 238 242 250 247 224 213 218 223 229 234 226 213 226 236 235 135 50 31 23 32 41 48 53 66 74 63 17 2 24 47 56 19 327 344 57 47 321 322 339 322 306 299 279 146 104 87 67 63 70 74 72 64 54 56 62 66 66 63 61 60 54 87 164 147 109 98 110 132 135 135 190 225 232 237 246 256 243 234 239 244 251 257 259 274 357 40 48 48 49 49 46 46 58 120
7 279 251 248 246 241 231 229 238 241 240 240 234 221 212 208 217 226 333 7 15 31 43 53 57 56 56 26 352 359 32 58 59 350 323 16 66 5 315 323 347 334 260 228 201 163 141 129 119 94 81 73 61 60 57 59 62 63 70 69 61 54 53 56 61 97 104 98 92 108 135 126 167 226 231 232 240 248 239 233 240 243 250 255 253 253 276 24 46 48 52 51 48 50 49 54
25 14 286 277 280 284 300 317 313 300 265 252 245 219 197 202 217 232 256 317 9 36 48 56 62 62 51 6 339 7 54 68 47 327 327 49 63 326 311 331 0 31 127 195 185 168 157 148 144 123 90 75 63 64 62 63 65 66 69 65 58 57 58 48 38 48 60 66 76 85 105 115 142 212 227 231 234 234 225 234 251 251 254 255 249 248 256 296 43 50 56 57 53 53 50 50
31 42 297 279 289 305 328 338 334 343 344 277 249 210 203 222 232 241 251 270 337 39 50 54 58 57 40 354 334 29 69 72 17 318 342 67 53 309 309 339 17 42 57 86 169 166 155 143 143 146 120 99 87 77 68 70 71 69 64 60 61 63 58 45 37 46 56 70 80 85 94 109 135 184 220 225 227 228 230 248 272 269 258 250 243 249 257 263 36 58 62 62 57 55 50 48
27 46 333 285 284 297 323 340 335 349 13 342 286 285 307 320 315 270 261 266 293 28 51 56 59 52 14 347 353 24 59 61 343 316 14 70 27 305 309 343 41 62 66 62 63 90 103 103 114 132 129 118 110 95 80 80 80 73 66 63 68 70 63 48 48 59 73 86 92 93 95 97 113 160 202 216 222 225 228 241 260 267 258 248 242 253 261 259 256 70 69 64 61 58 52 51
25 51 355 288 287 289 301 324 318 332 15 6 343 335 323 326 352 329 279 274 286 8 56 63 63 45 355 342 1 33 56 37 331 325 33 62 357 306 311 351 60 73 82 85 82 88 93 87 88 92 99 104 105 107 98 91 93 99 101 95 91 91 83 62 67 79 89 90 90 92 90 87 91 117 167 205 217 217 221 233 242 245 244 241 244 256 259 251 248 71 67 63 61 59 55 55
33 62 20 284 277 270 251 222 221 229 261 350 339 332 319 317 351 8 299 277 280 338 62 66 57 25 346 342 10 43 49 3 330 341 41 52 343 310 314 20 76 81 88 99 103 96 78 80 81 86 90 91 94 105 110 100 104 114 127 133 125 101 40 40 57 62 68 74 79 84 88 93 98 108 127 177 206 210 217 230 237 236 228 233 251 260 256 245 246 294 59 60 59 55 51 53
51 69 23 290 265 242 221 210 213 219 217 208 217 258 291 306 339 19 340 281 277 313 59 60 39 8 345 347 20 44 27 348 337 357 41 39 337 314 330 65 89 92 95 94 55 17 30 61 74 78 79 78 86 102 126 112 96 92 92 93 72 359 11 38 51 52 54 57 63 71 78 90 95 98 103 126 177 206 218 231 238 233 224 239 254 256 250 243 242 245 62 58 52 50 50 57
59 69 20 303 293 268 262 285 308 268 246 232 244 258 263 275 308 10 13 300 279 300 42 46 20 1 348 355 26 34 11 348 348 9 36 27 340 323 10 79 91 92 88 54 355 5 36 54 62 63 63 68 78 90 109 121 106 97 86 49 8 353 23 49 54 55 57 60 58 55 61 75 81 78 83 104 142 186 212 226 231 226 227 245 252 251 247 243 239 235 228 46 41 47 56 61
65 74 5 308 323 339 316 308 344 345 329 326 311 300 265 261 277 337 19 337 294 302 14 30 12 0 352 4 29 26 6 353 355 15 30 19 350 345 47 81 87 85 64 1 349 24 62 73 75 77 81 86 86 82 87 112 124 103 52 10 1 18 41 49 55 60 64 59 48 48 61 67 68 62 64 77 97 147 188 217 223 225 232 243 248 247 243 239 236 234 238 298 34 53 61 62
87 82 327 306 319 344 339 308 331 351 348 337 323 337 301 270 270 295 8 351 316 315 354 23 12 2 1 18 39 32 15 2 358 20 25 13 0 15 61 79 82 75 28 344 7 64 92 102 103 97 96 99 98 99 104 102 42 5 10 13 23 37 48 53 56 60 59 43 34 47 58 61 62 55 55 62 59 72 122 202 218 229 238 244 246 242 235 234 234 236 239 242 158 73 70 67
106 67 315 300 302 327 352 324 315 344 356 343 334 348 343 294 270 274 327 342 324 322 11 85 41 10 40 82 94 100 122 154 184 187 3 358 8 45 74 80 74 54 1 344 55 90 101 105 104 98 92 86 85 96 94 33 347 349 22 42 49 58 61 58 59 62 52 25 26 47 56 58 62 62 65 63 52 55 70 124 208 233 245 248 244 238 234 235 235 237 237 235 217 93 77 71
113 346 310 301 295 308 342 343 326 337 352 349 346 352 357 339 288 271 286 318 328 89 144 165 179 182 160 140 139 143 148 162 185 198 216 251 6 72 78 73 58 30 6 33 98 106 110 111 103 96 84 75 75 71 27 351 352 7 49 48 55 59 56 58 57 59 39 10 28 53 60 60 64 63 60 59 47 53 60 66 129 228 243 244 240 237 237 238 237 234 233 234 233 98 68 58
344 311 302 303 303 303 315 329 321 319 331 340 347 353 358 357 336 298 284 293 4 102 123 155 178 186 172 150 146 151 151 156 184 203 218 233 231 72 63 53 42 30 45 92 109 112 118 128 96 78 76 76 71 44 3 350 11 33 48 53 62 60 58 60 47 46 21 1 41 62 62 62 62 59 60 55 38 52 60 58 61 183 232 239 238 235 235 236 236 235 234 235 238 247 44 42
323 307 303 296 284 258 227 213 214 226 248 278 316 340 351 356 353 332 303 285 107 97 95 112 158 184 180 161 148 153 157 152 180 212 228 239 243 19 43 44 47 62 91 106 109 110 111 125 88 71 68 56 39 22 4 359 13 38 53 69 80 75 74 73 50 46 15 351 52 65 66 64 61 60 62 51 30 45 55 52 56 71 232 238 233 231 232 230 230 229 229 231 234 237 286 45
