data/dogrib_c2/elevation.asc
ncols 100
nrows 100
xllcorner 457900
yllcorner 5716800
cellsize 100
NODATA_value -9999
[rows 0 to 37 of 100, columns 0 to 83 of 100]
1697 1685 1674 1666 1664 1669 1675 1682 1697 1729 1748 1737 1703 1673 1657 1648 1644 1652 1659 1650 1629 1612 1617 1624 1635 1649 1638 1607 1598 1619 1652 1689 1728 1763 1808 1852 1859 1820 1798 1797 1790 1755 1713 1691 1702 1684 1668 1684 1689 1700 1699 1670 1645 1636 1642 1658 1671 1672 1660 1628 1602 1597 1613 1608 1592 1572 1559 1542 1534 1501 1506 1530 1533 1535 1566 1575 1571 1563 1535 1516 1500 1473 1464 1466
1694 1683 1676 1675 1674 1676 1681 1689 1700 1718 1738 1736 1719 1684 1660 1648 1641 1638 1635 1627 1628 1641 1643 1649 1648 1653 1652 1621 1601 1607 1635 1669 1703 1736 1776 1814 1847 1858 1837 1816 1779 1731 1726 1738 1712 1690 1688 1699 1722 1737 1742 1712 1665 1639 1627 1634 1648 1672 1683 1651 1622 1614 1613 1607 1586 1565 1548 1524 1506 1504 1544 1567 1547 1556 1601 1626 1617 1617 1602 1572 1546 1501 1477 1468
1692 1685 1684 1683 1680 1685 1687 1690 1704 1719 1731 1725 1715 1702 1667 1651 1642 1634 1629 1628 1645 1679 1683 1673 1670 1666 1664 1644 1613 1603 1621 1650 1679 1708 1742 1777 1818 1862 1868 1829 1789 1772 1769 1745 1731 1729 1722 1717 1723 1720 1717 1715 1679 1637 1615 1614 1625 1640 1664 1659 1631 1614 1596 1585 1580 1570 1552 1515 1502 1525 1558 1575 1563 1572 1616 1655 1668 1661 1649 1618 1580 1528 1486 1477
1696 1689 1694 1692 1686 1691 1698 1697 1703 1718 1730 1722 1704 1694 1671 1648 1641 1638 1634 1636 1652 1686 1715 1716 1701 1686 1682 1663 1631 1607 1611 1628 1651 1679 1713 1747 1785 1820 1847 1847 1816 1797 1782 1768 1763 1761 1742 1720 1705 1692 1687 1697 1681 1637 1609 1597 1603 1618 1635 1654 1640 1603 1582 1569 1562 1555 1533 1509 1519 1542 1562 1582 1581 1584 1615 1665 1695 1667 1620 1595 1565 1512 1484 1514
1698 1695 1701 1697 1692 1699 1707 1708 1706 1713 1725 1720 1703 1688 1667 1651 1642 1638 1639 1638 1647 1675 1712 1739 1734 1713 1698 1677 1663 1640 1610 1611 1629 1654 1686 1720 1753 1781 1816 1850 1842 1814 1801 1791 1778 1762 1740 1720 1702 1679 1658 1665 1660 1619 1601 1592 1587 1590 1600 1625 1636 1603 1574 1560 1547 1537 1516 1520 1555 1573 1589 1609 1603 1611 1647 1685 1685 1649 1623 1576 1531 1492 1504 1567
1702 1703 1707 1701 1698 1709 1719 1723 1720 1710 1710 1710 1696 1685 1665 1649 1646 1647 1649 1642 1644 1668 1696 1726 1749 1743 1715 1691 1683 1674 1639 1614 1618 1636 1667 1697 1728 1765 1806 1853 1871 1850 1825 1808 1787 1767 1743 1721 1705 1693 1672 1647 1637 1625 1607 1595 1585 1576 1572 1581 1600 1587 1557 1546 1537 1521 1517 1545 1585 1609 1620 1632 1636 1644 1680 1701 1661 1612 1596 1572 1522 1494 1521 1577
1708 1711 1715 1709 1700 1708 1732 1737 1726 1713 1700 1701 1691 1679 1664 1650 1655 1662 1661 1649 1645 1663 1687 1709 1737 1749 1728 1701 1681 1672 1664 1635 1617 1629 1654 1686 1722 1762 1802 1835 1868 1887 1864 1821 1791 1772 1750 1737 1732 1712 1681 1664 1670 1667 1642 1613 1595 1584 1569 1560 1558 1549 1539 1535 1528 1516 1527 1560 1584 1611 1642 1672 1684 1678 1673 1675 1656 1610 1562 1531 1508 1517 1553 1585
1717 1718 1720 1714 1706 1705 1715 1724 1719 1706 1695 1689 1682 1672 1663 1655 1675 1694 1681 1659 1648 1660 1680 1696 1715 1735 1731 1704 1678 1658 1650 1639 1625 1628 1650 1682 1719 1753 1779 1807 1837 1876 1884 1844 1814 1800 1783 1769 1750 1717 1695 1690 1691 1693 1680 1643 1608 1589 1576 1563 1560 1567 1555 1533 1523 1520 1532 1553 1572 1602 1641 1684 1698 1673 1640 1631 1624 1585 1538 1512 1524 1542 1581 1622
1726 1726 1726 1719 1712 1710 1712 1711 1705 1695 1687 1685 1681 1678 1663 1666 1702 1723 1709 1678 1655 1660 1676 1687 1695 1713 1725 1708 1675 1650 1637 1633 1624 1629 1654 1680 1710 1737 1762 1790 1818 1848 1886 1881 1846 1826 1804 1779 1755 1734 1722 1704 1678 1678 1691 1670 1622 1589 1575 1567 1575 1597 1578 1535 1522 1528 1540 1551 1564 1586 1618 1656 1666 1650 1629 1599 1579 1544 1521 1541 1562 1594 1619 1640
1734 1732 1731 1723 1718 1721 1723 1719 1709 1701 1698 1697 1695 1685 1665 1671 1717 1744 1735 1699 1666 1665 1672 1675 1680 1689 1707 1706 1670 1642 1635 1630 1623 1637 1663 1683 1704 1726 1751 1776 1800 1832 1861 1890 1877 1840 1814 1785 1762 1738 1714 1704 1683 1659 1663 1669 1634 1591 1574 1565 1562 1580 1570 1532 1529 1549 1563 1571 1571 1580 1604 1635 1637 1616 1602 1588 1558 1522 1541 1595 1609 1617 1641 1661
1742 1739 1738 1732 1729 1735 1732 1723 1717 1711 1704 1697 1685 1676 1665 1670 1717 1749 1740 1704 1677 1674 1668 1664 1666 1668 1681 1691 1667 1639 1633 1630 1628 1642 1664 1681 1697 1721 1742 1764 1789 1818 1851 1886 1882 1848 1818 1789 1751 1718 1693 1677 1670 1662 1643 1646 1633 1595 1573 1563 1551 1558 1553 1529 1537 1567 1581 1588 1590 1592 1612 1634 1621 1594 1578 1583 1567 1533 1553 1616 1653 1650 1642 1652
1752 1747 1747 1742 1738 1738 1730 1717 1706 1699 1694 1683 1678 1677 1672 1684 1713 1737 1729 1706 1697 1689 1673 1663 1660 1658 1660 1666 1658 1641 1631 1628 1631 1636 1653 1675 1695 1711 1732 1757 1783 1809 1834 1868 1878 1854 1822 1792 1760 1733 1709 1682 1658 1645 1641 1634 1619 1596 1574 1559 1549 1544 1536 1531 1553 1591 1604 1611 1617 1615 1623 1627 1604 1584 1573 1558 1559 1539 1553 1602 1636 1657 1662 1659
1766 1758 1755 1751 1746 1741 1730 1715 1704 1698 1691 1687 1686 1684 1677 1693 1716 1731 1728 1724 1729 1717 1692 1672 1664 1659 1652 1649 1647 1640 1637 1643 1646 1636 1640 1661 1680 1697 1719 1746 1772 1796 1822 1856 1886 1870 1827 1793 1764 1744 1724 1696 1672 1651 1626 1627 1620 1596 1576 1558 1548 1540 1532 1541 1582 1630 1648 1648 1653 1655 1646 1629 1603 1583 1570 1563 1550 1536 1563 1589 1604 1629 1653 1668
1782 1773 1764 1760 1756 1751 1742 1721 1706 1697 1696 1694 1690 1694 1681 1692 1718 1737 1740 1741 1753 1749 1722 1690 1672 1664 1656 1647 1643 1638 1646 1679 1679 1654 1636 1644 1664 1682 1705 1729 1755 1784 1813 1843 1874 1871 1826 1784 1756 1734 1715 1690 1663 1642 1618 1615 1618 1598 1576 1558 1542 1537 1540 1556 1587 1624 1657 1680 1694 1694 1669 1641 1620 1602 1582 1561 1548 1543 1564 1578 1586 1603 1632 1657
1786 1783 1760 1749 1742 1748 1733 1714 1702 1703 1710 1703 1700 1705 1693 1693 1717 1742 1757 1754 1762 1768 1745 1707 1680 1666 1655 1648 1646 1644 1637 1684 1710 1685 1653 1642 1655 1674 1694 1716 1742 1776 1800 1824 1850 1860 1822 1775 1747 1726 1703 1681 1662 1640 1625 1601 1598 1585 1564 1545 1543 1547 1548 1561 1581 1605 1631 1664 1697 1720 1688 1649 1620 1597 1577 1555 1545 1552 1568 1578 1588 1596 1610 1638
1781 1780 1787 1780 1757 1729 1722 1722 1713 1723 1723 1712 1711 1715 1703 1697 1715 1741 1760 1762 1748 1748 1739 1714 1682 1661 1653 1654 1654 1650 1638 1670 1721 1710 1673 1647 1652 1668 1687 1708 1732 1761 1775 1806 1828 1831 1815 1772 1741 1714 1694 1679 1656 1635 1619 1604 1585 1566 1556 1559 1571 1564 1556 1560 1573 1592 1610 1636 1669 1710 1698 1649 1604 1575 1562 1557 1556 1561 1581 1591 1591 1604 1621 1631
1824 1817 1796 1770 1756 1748 1739 1730 1726 1733 1736 1725 1721 1720 1707 1702 1712 1731 1745 1749 1730 1716 1715 1707 1678 1659 1658 1659 1659 1655 1640 1662 1714 1720 1686 1656 1654 1661 1677 1697 1719 1742 1768 1798 1800 1795 1799 1769 1735 1706 1679 1661 1648 1641 1623 1605 1580 1561 1573 1601 1614 1590 1580 1570 1569 1580 1592 1623 1666 1696 1696 1651 1598 1569 1559 1570 1569 1574 1584 1602 1606 1618 1640 1650
1854 1828 1821 1799 1776 1763 1751 1742 1738 1741 1742 1736 1731 1726 1711 1710 1718 1721 1723 1728 1720 1699 1691 1685 1668 1662 1664 1664 1661 1653 1643 1656 1687 1708 1690 1659 1654 1662 1671 1686 1708 1733 1757 1786 1773 1760 1768 1758 1726 1696 1672 1645 1636 1630 1610 1590 1571 1567 1589 1623 1645 1631 1621 1602 1585 1585 1593 1618 1645 1684 1689 1644 1596 1570 1567 1574 1579 1585 1589 1601 1622 1637 1657 1655
1903 1845 1834 1826 1795 1774 1760 1751 1750 1752 1742 1739 1736 1729 1716 1718 1718 1719 1708 1707 1706 1699 1683 1670 1670 1675 1674 1666 1657 1649 1659 1658 1664 1685 1679 1668 1669 1672 1673 1677 1696 1721 1743 1768 1760 1723 1724 1735 1710 1682 1660 1632 1622 1611 1589 1580 1580 1587 1594 1631 1659 1676 1673 1651 1624 1605 1599 1612 1633 1662 1670 1631 1591 1573 1575 1580 1588 1593 1600 1606 1612 1637 1647 1638
1952 1883 1835 1838 1806 1781 1771 1763 1763 1764 1759 1752 1746 1732 1727 1725 1713 1713 1715 1708 1705 1696 1679 1672 1677 1685 1682 1664 1654 1654 1675 1682 1661 1661 1665 1689 1697 1693 1696 1693 1698 1713 1734 1752 1753 1728 1692 1692 1681 1656 1624 1607 1596 1596 1603 1597 1606 1616 1590 1625 1655 1690 1711 1712 1674 1632 1617 1613 1626 1644 1645 1614 1584 1583 1599 1610 1612 1614 1615 1620 1622 1621 1617 1608
2002 1921 1854 1857 1815 1788 1784 1775 1775 1772 1763 1757 1751 1743 1735 1727 1720 1714 1714 1708 1701 1687 1678 1686 1689 1690 1676 1662 1662 1661 1669 1681 1676 1660 1670 1702 1729 1727 1715 1708 1707 1715 1738 1748 1733 1728 1698 1664 1644 1619 1615 1605 1605 1617 1625 1629 1641 1646 1612 1608 1636 1667 1702 1737 1712 1670 1635 1621 1623 1628 1622 1594 1599 1618 1649 1659 1648 1643 1642 1641 1641 1632 1617 1604
2017 1957 1885 1846 1814 1804 1793 1787 1784 1779 1769 1761 1754 1751 1738 1729 1724 1715 1707 1702 1695 1685 1686 1704 1702 1695 1670 1669 1688 1681 1676 1676 1672 1664 1669 1689 1727 1751 1738 1724 1718 1720 1739 1762 1727 1715 1693 1663 1634 1628 1616 1623 1630 1632 1656 1671 1678 1678 1648 1612 1638 1660 1696 1733 1722 1700 1656 1634 1622 1614 1603 1590 1631 1664 1701 1712 1698 1683 1677 1670 1662 1652 1641 1628
1972 1957 1894 1843 1822 1820 1807 1799 1791 1782 1773 1766 1759 1753 1744 1732 1726 1723 1726 1708 1695 1688 1693 1707 1703 1686 1669 1677 1712 1709 1688 1680 1676 1671 1668 1680 1710 1747 1760 1746 1726 1718 1723 1751 1718 1684 1676 1640 1625 1628 1631 1647 1653 1645 1675 1702 1711 1686 1649 1630 1648 1678 1712 1735 1710 1696 1666 1639 1623 1609 1599 1611 1641 1673 1699 1722 1746 1741 1712 1707 1686 1668 1655 1640
1904 1903 1870 1849 1849 1836 1821 1809 1797 1786 1778 1770 1762 1754 1749 1741 1733 1732 1737 1714 1695 1693 1697 1701 1698 1686 1673 1680 1712 1723 1701 1690 1685 1680 1671 1678 1698 1730 1770 1770 1739 1708 1694 1708 1697 1662 1649 1628 1632 1661 1677 1685 1683 1673 1686 1713 1715 1670 1647 1654 1670 1696 1725 1730 1692 1670 1650 1633 1624 1613 1607 1617 1640 1660 1683 1707 1735 1767 1781 1760 1721 1689 1669 1655
1946 1905 1899 1900 1884 1857 1841 1826 1811 1793 1784 1775 1765 1758 1755 1744 1735 1731 1721 1703 1697 1701 1705 1703 1699 1696 1676 1685 1707 1721 1720 1708 1698 1688 1675 1678 1695 1722 1754 1780 1752 1739 1702 1681 1666 1651 1637 1629 1646 1690 1721 1727 1719 1706 1707 1714 1701 1667 1668 1675 1698 1721 1745 1723 1690 1657 1645 1638 1629 1619 1613 1618 1638 1654 1672 1696 1726 1758 1786 1806 1752 1707 1680 1662
1998 1972 1958 1940 1908 1877 1854 1832 1820 1813 1798 1783 1767 1754 1748 1737 1728 1719 1707 1703 1705 1708 1711 1710 1704 1693 1676 1686 1706 1725 1740 1736 1715 1696 1683 1681 1696 1717 1744 1779 1779 1739 1714 1687 1685 1665 1637 1631 1659 1704 1742 1760 1758 1743 1739 1724 1703 1682 1702 1709 1726 1748 1734 1710 1690 1658 1666 1678 1659 1637 1626 1622 1635 1653 1672 1697 1728 1756 1780 1804 1782 1728 1689 1663
2006 1950 1904 1874 1853 1829 1821 1822 1807 1794 1784 1772 1764 1752 1738 1731 1720 1712 1713 1710 1713 1714 1715 1714 1709 1691 1680 1692 1710 1731 1751 1762 1735 1709 1693 1683 1692 1709 1734 1763 1789 1757 1728 1705 1703 1681 1645 1633 1664 1708 1752 1779 1794 1792 1773 1750 1724 1699 1735 1756 1758 1746 1711 1689 1678 1663 1680 1717 1704 1665 1641 1635 1633 1651 1671 1698 1729 1756 1777 1798 1808 1752 1701 1671
1947 1907 1882 1879 1876 1863 1864 1849 1830 1811 1793 1777 1763 1748 1738 1727 1725 1727 1720 1717 1722 1722 1718 1712 1705 1692 1682 1704 1725 1735 1757 1771 1757 1726 1703 1689 1688 1704 1725 1750 1779 1789 1748 1724 1709 1686 1653 1636 1664 1709 1742 1768 1795 1819 1803 1765 1727 1721 1753 1784 1765 1725 1705 1678 1672 1679 1695 1731 1748 1703 1664 1654 1641 1647 1668 1692 1722 1751 1764 1785 1819 1780 1719 1686
1927 1916 1933 1939 1933 1931 1911 1873 1843 1818 1799 1781 1765 1747 1739 1736 1737 1735 1725 1724 1727 1726 1721 1716 1707 1692 1687 1707 1735 1747 1758 1777 1780 1743 1710 1694 1688 1700 1718 1740 1769 1788 1766 1737 1714 1690 1658 1639 1660 1693 1715 1745 1773 1804 1808 1786 1759 1751 1759 1787 1766 1730 1702 1687 1683 1697 1723 1747 1773 1740 1695 1676 1662 1645 1660 1678 1706 1728 1732 1774 1808 1811 1740 1703
1984 1971 1988 2007 1983 2006 1953 1906 1860 1826 1802 1784 1766 1750 1745 1745 1747 1739 1732 1729 1732 1731 1728 1725 1712 1691 1691 1709 1733 1756 1764 1777 1789 1758 1721 1699 1689 1697 1713 1731 1754 1775 1765 1736 1709 1687 1666 1642 1651 1685 1711 1731 1761 1789 1816 1825 1802 1782 1776 1790 1775 1745 1716 1706 1691 1704 1734 1765 1788 1770 1729 1696 1673 1652 1645 1657 1680 1699 1726 1750 1784 1810 1776 1719
2045 2035 2061 2077 2062 2062 1996 1936 1885 1838 1808 1790 1771 1758 1753 1755 1754 1748 1741 1735 1737 1739 1733 1723 1707 1691 1693 1708 1730 1752 1768 1774 1776 1764 1733 1706 1693 1696 1709 1722 1739 1759 1760 1730 1700 1674 1653 1641 1650 1678 1716 1744 1771 1799 1829 1853 1840 1817 1804 1806 1784 1755 1729 1708 1704 1713 1739 1773 1793 1797 1772 1717 1678 1650 1634 1642 1658 1678 1709 1729 1758 1792 1797 1732
2110 2119 2145 2152 2132 2101 2046 1980 1905 1852 1819 1795 1776 1767 1763 1766 1763 1759 1754 1747 1735 1731 1722 1710 1702 1700 1697 1710 1730 1750 1769 1776 1764 1754 1736 1709 1695 1697 1709 1716 1719 1739 1747 1716 1679 1650 1646 1654 1658 1656 1703 1731 1757 1794 1834 1857 1862 1856 1832 1822 1796 1764 1730 1722 1734 1737 1759 1783 1779 1787 1795 1753 1690 1653 1632 1633 1647 1665 1681 1709 1737 1768 1789 1754
2180 2189 2203 2210 2163 2145 2082 2000 1927 1865 1824 1798 1778 1772 1774 1777 1771 1763 1751 1738 1724 1723 1714 1708 1705 1708 1708 1722 1736 1751 1765 1777 1757 1739 1724 1707 1704 1700 1705 1714 1698 1714 1718 1692 1654 1656 1667 1674 1679 1665 1675 1706 1747 1787 1814 1826 1857 1880 1853 1818 1788 1764 1751 1769 1779 1778 1774 1767 1754 1752 1774 1787 1716 1661 1630 1625 1634 1647 1666 1697 1720 1746 1779 1794
2255 2229 2177 2126 2065 2045 2065 2022 1934 1869 1822 1799 1788 1782 1787 1783 1775 1764 1753 1738 1730 1729 1723 1717 1711 1710 1720 1736 1744 1752 1758 1763 1752 1729 1712 1715 1732 1711 1693 1694 1684 1688 1679 1664 1665 1683 1689 1692 1697 1699 1671 1700 1743 1769 1784 1815 1850 1876 1868 1823 1801 1793 1801 1811 1809 1787 1758 1740 1730 1729 1751 1780 1745 1672 1629 1614 1622 1635 1652 1676 1702 1728 1760 1788
2272 2172 2098 2060 2036 1997 2012 1997 1922 1863 1816 1799 1793 1806 1805 1796 1788 1778 1766 1750 1747 1739 1731 1723 1717 1713 1715 1734 1745 1745 1750 1752 1747 1727 1714 1741 1754 1734 1706 1694 1688 1668 1665 1683 1713 1715 1709 1711 1714 1714 1681 1692 1722 1740 1767 1805 1828 1859 1881 1862 1847 1834 1839 1825 1798 1767 1743 1724 1708 1710 1736 1770 1758 1684 1634 1612 1614 1623 1641 1657 1681 1711 1741 1765
2240 2114 2039 2014 1931 1925 1953 1935 1886 1835 1809 1809 1818 1829 1821 1812 1805 1793 1779 1767 1758 1745 1736 1730 1725 1720 1714 1723 1744 1749 1742 1741 1739 1727 1717 1748 1770 1757 1724 1704 1697 1687 1670 1699 1737 1752 1742 1729 1730 1722 1695 1685 1703 1735 1760 1786 1821 1861 1897 1891 1855 1836 1832 1809 1776 1754 1740 1730 1698 1690 1724 1759 1758 1691 1644 1616 1609 1609 1623 1642 1667 1698 1717 1729
2168 2075 1997 1997 1995 1932 1866 1852 1848 1847 1849 1848 1849 1848 1837 1829 1825 1811 1792 1779 1766 1753 1746 1741 1735 1735 1728 1722 1739 1753 1740 1735 1731 1724 1725 1749 1773 1777 1747 1724 1709 1689 1675 1697 1740 1770 1775 1761 1745 1729 1715 1707 1704 1739 1775 1795 1834 1876 1912 1901 1838 1802 1786 1778 1760 1734 1716 1715 1694 1674 1703 1726 1730 1697 1642 1612 1598 1600 1611 1635 1664 1677 1686 1706
2116 2092 2096 2093 2054 1954 1923 1938 1906 1911 1912 1892 1878 1874 1853 1845 1839 1825 1806 1786 1773 1764 1760 1753 1747 1749 1741 1728 1734 1746 1744 1738 1732 1727 1733 1750 1773 1792 1777 1743 1718 1697 1679 1688 1728 1766 1794 1791 1764 1745 1739 1734 1718 1733 1779 1815 1849 1888 1922 1909 1844 1798 1770 1750 1734 1711 1691 1682 1677 1671 1676 1692 1717 1726 1650 1603 1591 1593 1602 1621 1640 1655 1688 1713
