data/dogrib_c2/elevation.asc
ncols 100
nrows 100
xllcorner 457900
yllcorner 5716800
cellsize 100
NODATA_value -9999
[rows 38 to 75 of 100, columns 0 to 83 of 100]
2191 2172 2164 2110 2003 1969 1999 1987 1925 1947 1989 1950 1905 1891 1875 1860 1848 1830 1806 1790 1780 1778 1773 1764 1758 1753 1743 1730 1734 1744 1744 1742 1736 1730 1734 1748 1769 1792 1798 1768 1732 1713 1693 1679 1705 1754 1790 1805 1792 1771 1758 1750 1729 1732 1768 1812 1861 1893 1914 1912 1871 1826 1794 1754 1722 1708 1700 1686 1668 1658 1648 1662 1699 1727 1677 1613 1586 1584 1593 1608 1626 1654 1686 1703
2264 2252 2188 2117 2074 2028 2056 2038 1991 1994 2028 2015 1955 1903 1885 1873 1852 1830 1807 1797 1787 1785 1780 1767 1758 1749 1741 1733 1736 1745 1744 1746 1737 1732 1738 1744 1756 1774 1794 1788 1752 1729 1705 1685 1699 1738 1772 1807 1817 1794 1775 1755 1732 1741 1781 1819 1856 1877 1881 1895 1892 1850 1811 1776 1747 1733 1721 1711 1691 1667 1642 1640 1680 1719 1691 1625 1589 1577 1586 1596 1609 1638 1669 1686
2306 2295 2221 2172 2157 2125 2112 2098 2059 2058 2082 2070 1988 1933 1894 1869 1852 1834 1814 1800 1790 1781 1773 1762 1754 1748 1744 1737 1732 1737 1743 1747 1741 1737 1744 1750 1757 1769 1784 1798 1785 1750 1718 1696 1711 1736 1756 1784 1823 1824 1785 1762 1743 1755 1808 1846 1840 1842 1842 1853 1886 1873 1827 1798 1764 1727 1701 1698 1693 1684 1651 1632 1663 1695 1674 1626 1595 1576 1575 1583 1595 1621 1643 1654
2282 2320 2308 2258 2217 2199 2187 2168 2155 2146 2126 2094 2032 1967 1902 1863 1850 1832 1812 1798 1788 1775 1767 1763 1756 1751 1746 1739 1732 1731 1734 1739 1739 1739 1745 1752 1762 1775 1788 1803 1807 1778 1736 1704 1705 1730 1745 1764 1800 1823 1806 1779 1757 1766 1815 1856 1830 1802 1807 1823 1864 1869 1827 1796 1761 1712 1686 1675 1664 1661 1645 1626 1640 1661 1651 1613 1592 1578 1572 1575 1581 1604 1620 1636
2237 2293 2331 2321 2294 2246 2204 2195 2154 2100 2072 2051 2025 1973 1899 1855 1834 1814 1801 1791 1785 1777 1770 1765 1758 1751 1744 1737 1733 1731 1734 1734 1730 1730 1739 1742 1747 1767 1785 1802 1821 1806 1758 1721 1704 1714 1728 1745 1773 1806 1819 1799 1774 1774 1799 1838 1829 1785 1781 1810 1845 1838 1792 1761 1747 1717 1679 1657 1646 1643 1640 1620 1615 1624 1620 1597 1581 1575 1570 1569 1569 1578 1592 1620
2204 2249 2295 2336 2300 2208 2136 2111 2084 2034 1991 1967 1963 1937 1877 1835 1819 1804 1799 1793 1785 1779 1771 1765 1759 1752 1743 1735 1732 1733 1737 1734 1726 1722 1726 1727 1730 1745 1765 1784 1814 1824 1780 1729 1707 1705 1712 1726 1744 1777 1816 1809 1781 1772 1777 1807 1824 1779 1757 1790 1824 1813 1761 1725 1716 1705 1669 1641 1628 1620 1624 1619 1600 1600 1602 1586 1576 1574 1569 1567 1563 1562 1569 1585
2177 2216 2268 2331 2297 2206 2121 2036 2001 1972 1928 1902 1890 1873 1855 1830 1818 1820 1817 1808 1798 1793 1784 1771 1760 1752 1743 1735 1732 1734 1738 1733 1723 1717 1716 1720 1721 1725 1740 1757 1780 1809 1790 1740 1708 1698 1701 1711 1727 1750 1788 1808 1791 1770 1762 1769 1800 1773 1739 1766 1791 1789 1747 1697 1687 1673 1638 1620 1610 1605 1604 1608 1603 1590 1585 1583 1580 1578 1575 1570 1565 1561 1558 1556
2133 2187 2255 2319 2302 2223 2144 2050 1981 1942 1925 1908 1883 1857 1841 1835 1845 1847 1836 1831 1828 1821 1803 1781 1766 1755 1743 1736 1734 1733 1736 1733 1724 1714 1708 1708 1711 1714 1720 1731 1757 1810 1813 1756 1712 1692 1688 1699 1716 1734 1759 1792 1793 1771 1753 1744 1766 1767 1725 1734 1754 1751 1729 1677 1650 1633 1611 1616 1620 1616 1614 1604 1608 1612 1601 1595 1592 1588 1582 1577 1574 1566 1561 1554
2131 2169 2232 2294 2294 2223 2142 2059 1983 1963 1984 1983 1929 1864 1859 1872 1876 1884 1879 1869 1856 1845 1822 1794 1777 1761 1746 1738 1734 1733 1733 1729 1724 1717 1705 1698 1698 1700 1705 1718 1750 1789 1803 1769 1721 1692 1681 1686 1698 1714 1736 1764 1809 1790 1750 1737 1736 1740 1714 1705 1718 1704 1673 1642 1627 1621 1628 1652 1660 1652 1651 1639 1643 1652 1621 1612 1620 1606 1598 1593 1584 1574 1572 1576
2181 2163 2191 2261 2295 2220 2131 2054 2016 2020 2014 2027 1968 1875 1897 1939 1930 1911 1909 1922 1901 1868 1838 1812 1788 1767 1753 1744 1736 1732 1730 1727 1722 1715 1704 1692 1688 1686 1694 1705 1726 1760 1795 1783 1732 1693 1677 1677 1686 1700 1720 1742 1782 1809 1775 1741 1726 1716 1705 1683 1672 1667 1653 1652 1656 1663 1670 1671 1687 1688 1679 1664 1655 1645 1617 1631 1664 1640 1614 1605 1596 1592 1583 1584
2220 2225 2215 2252 2305 2243 2154 2088 2074 2083 2070 2060 1993 1890 1918 1994 2001 1953 1927 1936 1924 1897 1856 1821 1795 1775 1762 1753 1743 1737 1731 1725 1716 1710 1703 1695 1687 1680 1678 1685 1700 1739 1771 1778 1746 1700 1676 1672 1675 1687 1704 1717 1748 1803 1802 1762 1735 1722 1719 1681 1672 1689 1706 1711 1700 1709 1714 1688 1702 1719 1712 1687 1662 1636 1631 1649 1695 1685 1648 1621 1609 1604 1595 1590
2221 2259 2262 2281 2308 2238 2169 2141 2139 2143 2119 2077 2002 1921 1948 2026 2048 1999 1950 1929 1910 1892 1859 1826 1804 1789 1775 1763 1752 1744 1737 1732 1732 1724 1711 1700 1689 1681 1672 1672 1682 1716 1746 1755 1751 1712 1678 1668 1670 1678 1692 1706 1730 1771 1821 1793 1752 1737 1737 1687 1697 1734 1759 1762 1743 1741 1736 1711 1721 1739 1732 1699 1675 1652 1649 1671 1704 1717 1694 1654 1629 1615 1602 1597
2214 2247 2278 2315 2332 2302 2240 2211 2206 2197 2129 2064 1986 1947 1987 2056 2086 2055 1987 1928 1892 1876 1855 1836 1814 1796 1783 1774 1761 1752 1746 1738 1734 1728 1716 1705 1693 1683 1674 1667 1672 1695 1716 1733 1756 1732 1687 1663 1664 1671 1681 1695 1714 1742 1799 1794 1766 1748 1741 1689 1696 1742 1780 1804 1800 1784 1752 1735 1750 1759 1749 1724 1698 1674 1652 1670 1709 1747 1736 1691 1653 1629 1615 1610
2214 2238 2272 2319 2373 2355 2314 2304 2269 2206 2176 2081 2019 2001 2040 2104 2156 2103 2019 1951 1912 1875 1859 1840 1820 1802 1788 1782 1770 1759 1750 1741 1736 1731 1717 1706 1697 1684 1674 1662 1662 1671 1692 1733 1753 1748 1699 1663 1658 1665 1672 1685 1702 1721 1763 1801 1779 1747 1730 1698 1693 1735 1776 1811 1833 1827 1785 1761 1770 1776 1761 1736 1702 1679 1668 1686 1728 1756 1758 1727 1680 1646 1627 1615
2231 2263 2297 2354 2421 2408 2388 2369 2326 2276 2218 2134 2083 2063 2084 2137 2195 2127 2045 1954 1908 1886 1878 1865 1836 1816 1801 1784 1775 1765 1753 1743 1737 1734 1717 1704 1695 1683 1673 1661 1659 1662 1686 1724 1755 1743 1709 1669 1652 1658 1667 1677 1689 1709 1739 1794 1779 1739 1713 1697 1689 1723 1757 1785 1822 1841 1830 1809 1801 1794 1762 1718 1707 1702 1685 1695 1735 1769 1780 1747 1695 1657 1635 1616
2266 2317 2359 2420 2476 2458 2420 2417 2392 2347 2278 2245 2199 2153 2132 2175 2201 2122 2023 1979 1957 1928 1900 1886 1852 1826 1811 1794 1779 1768 1756 1746 1739 1731 1715 1703 1692 1682 1671 1662 1654 1656 1667 1700 1736 1737 1708 1674 1649 1648 1657 1665 1672 1693 1720 1767 1768 1732 1704 1688 1691 1707 1728 1758 1791 1811 1841 1853 1835 1799 1768 1737 1741 1731 1707 1701 1732 1786 1792 1752 1702 1659 1637 1620
2322 2380 2447 2457 2421 2398 2388 2407 2431 2425 2379 2330 2286 2247 2232 2236 2193 2114 2054 2065 2039 1972 1918 1884 1851 1835 1818 1803 1784 1769 1757 1747 1738 1733 1716 1704 1692 1679 1667 1660 1651 1650 1655 1676 1705 1719 1708 1697 1658 1640 1643 1654 1662 1680 1704 1738 1766 1726 1697 1683 1686 1693 1705 1732 1754 1768 1804 1857 1848 1801 1776 1773 1766 1741 1721 1724 1745 1787 1797 1741 1698 1669 1642 1625
2372 2445 2470 2406 2353 2338 2350 2381 2407 2423 2447 2419 2366 2331 2327 2289 2211 2167 2174 2109 2038 1968 1913 1875 1859 1851 1829 1805 1785 1770 1758 1747 1735 1728 1713 1704 1691 1677 1666 1658 1650 1645 1646 1659 1672 1682 1684 1705 1670 1639 1635 1644 1653 1667 1686 1714 1758 1725 1695 1679 1674 1680 1689 1707 1726 1752 1790 1838 1860 1841 1818 1804 1774 1750 1750 1758 1764 1785 1801 1765 1720 1678 1643 1624
2446 2512 2451 2378 2316 2287 2312 2343 2378 2400 2430 2444 2465 2452 2401 2343 2285 2222 2165 2058 1991 1958 1924 1905 1890 1863 1839 1815 1793 1775 1761 1750 1736 1724 1710 1704 1693 1677 1667 1661 1654 1646 1641 1641 1647 1655 1660 1677 1679 1647 1630 1637 1644 1652 1668 1696 1739 1728 1696 1672 1663 1667 1675 1692 1723 1755 1795 1825 1863 1888 1858 1816 1785 1786 1788 1782 1768 1767 1775 1757 1722 1681 1642 1621
2492 2503 2433 2366 2301 2246 2276 2323 2355 2380 2403 2429 2455 2474 2465 2372 2280 2204 2124 2061 2025 2003 1952 1937 1920 1883 1852 1825 1804 1783 1764 1753 1739 1725 1714 1707 1693 1680 1674 1669 1661 1650 1639 1635 1637 1638 1643 1649 1671 1652 1630 1625 1635 1643 1656 1677 1713 1733 1694 1662 1650 1654 1666 1690 1721 1754 1779 1800 1834 1875 1872 1839 1825 1824 1809 1783 1754 1742 1730 1713 1691 1658 1635 1621
2525 2487 2406 2343 2293 2220 2241 2295 2327 2355 2379 2402 2424 2441 2468 2404 2286 2220 2175 2178 2124 2066 1984 1940 1923 1893 1861 1830 1810 1788 1768 1756 1739 1726 1716 1703 1692 1684 1676 1671 1663 1654 1645 1636 1629 1626 1627 1635 1650 1662 1638 1621 1628 1635 1642 1657 1683 1722 1689 1654 1640 1644 1656 1676 1702 1735 1749 1777 1806 1837 1878 1876 1857 1839 1808 1770 1746 1725 1705 1694 1678 1668 1664 1639
2492 2446 2383 2304 2265 2205 2199 2252 2270 2314 2354 2379 2392 2396 2419 2431 2343 2276 2263 2252 2209 2082 2026 1967 1928 1895 1866 1839 1815 1793 1775 1760 1739 1729 1718 1704 1691 1682 1673 1668 1661 1653 1644 1635 1634 1636 1633 1621 1633 1653 1636 1625 1621 1627 1630 1638 1656 1693 1686 1650 1634 1634 1639 1663 1690 1710 1731 1751 1776 1816 1849 1871 1870 1840 1803 1780 1766 1762 1751 1739 1724 1717 1712 1672
2405 2375 2356 2297 2256 2230 2151 2160 2205 2269 2324 2340 2349 2335 2352 2395 2405 2355 2324 2257 2226 2117 2052 1988 1942 1904 1871 1840 1815 1796 1779 1759 1744 1737 1723 1707 1690 1680 1672 1664 1656 1649 1644 1642 1644 1648 1640 1626 1620 1631 1627 1623 1615 1620 1624 1627 1636 1661 1691 1651 1629 1624 1629 1661 1689 1690 1713 1734 1766 1795 1802 1836 1879 1849 1829 1813 1776 1754 1757 1768 1768 1766 1747 1693
2293 2293 2308 2292 2270 2251 2189 2101 2174 2241 2281 2295 2285 2265 2305 2355 2398 2422 2366 2268 2181 2091 2022 1975 1931 1892 1866 1838 1814 1796 1780 1761 1758 1743 1730 1711 1692 1681 1676 1668 1661 1654 1650 1652 1651 1651 1645 1630 1617 1623 1623 1619 1616 1601 1617 1618 1622 1632 1667 1649 1626 1618 1625 1653 1676 1679 1700 1726 1734 1748 1789 1844 1877 1863 1832 1796 1747 1720 1724 1741 1755 1737 1735 1695
2214 2226 2242 2247 2247 2233 2164 2078 2145 2189 2205 2228 2210 2242 2292 2340 2383 2389 2367 2246 2166 2123 2055 1986 1926 1881 1856 1834 1813 1794 1778 1768 1762 1747 1731 1716 1695 1686 1680 1671 1664 1658 1657 1663 1655 1649 1643 1629 1619 1609 1610 1614 1606 1594 1595 1598 1619 1617 1630 1637 1619 1608 1618 1640 1658 1668 1685 1698 1714 1759 1804 1816 1829 1850 1807 1768 1734 1702 1691 1714 1729 1705 1707 1689
2150 2172 2196 2208 2204 2165 2073 2056 2079 2110 2140 2168 2217 2266 2303 2333 2342 2338 2344 2262 2230 2196 2091 2002 1925 1885 1850 1822 1803 1788 1776 1757 1748 1742 1728 1716 1698 1692 1682 1674 1668 1669 1667 1668 1656 1647 1642 1640 1628 1616 1608 1607 1607 1596 1601 1590 1593 1596 1612 1616 1608 1600 1612 1623 1638 1651 1665 1690 1726 1757 1745 1768 1814 1852 1809 1784 1754 1713 1673 1676 1693 1673 1672 1687
2103 2136 2165 2168 2159 2070 2027 2074 2118 2150 2181 2210 2226 2239 2281 2316 2270 2231 2268 2234 2224 2171 2060 1994 1910 1876 1841 1814 1799 1783 1773 1750 1747 1739 1729 1713 1700 1691 1683 1676 1673 1677 1673 1672 1660 1647 1646 1650 1642 1628 1618 1612 1604 1610 1613 1605 1585 1578 1586 1586 1596 1595 1606 1616 1625 1642 1670 1689 1708 1708 1717 1769 1820 1841 1796 1763 1749 1704 1673 1654 1660 1647 1640 1649
2052 2100 2115 2104 2079 1995 2059 2111 2163 2201 2197 2178 2169 2215 2275 2317 2290 2206 2150 2143 2134 2096 2016 1958 1894 1864 1839 1813 1794 1786 1773 1763 1753 1743 1733 1719 1704 1690 1682 1678 1679 1680 1675 1669 1660 1646 1647 1654 1648 1632 1621 1616 1605 1616 1615 1614 1602 1593 1589 1582 1577 1581 1605 1610 1615 1633 1663 1665 1674 1685 1726 1760 1773 1811 1798 1752 1723 1689 1662 1640 1627 1627 1615 1624
2021 2073 2059 2003 1980 2037 2097 2158 2206 2195 2149 2123 2176 2236 2295 2335 2338 2268 2145 2074 2025 2013 1946 1881 1860 1839 1830 1819 1800 1794 1781 1769 1759 1749 1734 1721 1707 1693 1686 1684 1687 1681 1673 1662 1651 1643 1643 1646 1640 1628 1615 1618 1622 1623 1619 1615 1610 1602 1598 1591 1575 1569 1583 1600 1604 1613 1637 1646 1646 1669 1697 1716 1761 1816 1813 1764 1740 1706 1677 1655 1633 1607 1595 1605
1993 2021 1977 1959 2025 2088 2148 2203 2199 2143 2097 2118 2181 2248 2304 2335 2348 2302 2238 2056 1990 1950 1900 1874 1862 1848 1833 1825 1814 1794 1784 1773 1761 1750 1736 1724 1709 1699 1694 1692 1690 1678 1669 1658 1646 1639 1637 1635 1627 1620 1626 1638 1653 1642 1629 1620 1611 1602 1594 1588 1587 1576 1565 1578 1595 1598 1617 1628 1632 1664 1701 1740 1788 1825 1826 1775 1732 1701 1672 1646 1623 1613 1604 1578
1969 1961 1941 2025 2093 2150 2180 2180 2136 2088 2055 2106 2173 2242 2302 2327 2330 2236 2179 2057 1993 1952 1952 1940 1893 1874 1852 1831 1814 1797 1785 1774 1760 1749 1735 1718 1707 1699 1694 1689 1685 1675 1665 1655 1645 1638 1635 1629 1624 1630 1641 1657 1682 1665 1643 1626 1615 1606 1595 1593 1597 1589 1572 1559 1575 1586 1599 1612 1637 1675 1718 1751 1765 1766 1793 1781 1721 1694 1671 1653 1634 1631 1630 1591
1917 1938 2005 2062 2116 2136 2126 2109 2083 2045 2067 2132 2185 2247 2300 2326 2326 2218 2117 2056 2027 2032 2023 1950 1891 1873 1853 1832 1814 1799 1786 1778 1765 1749 1736 1718 1707 1697 1686 1679 1674 1666 1659 1652 1644 1636 1633 1630 1636 1652 1666 1676 1697 1698 1652 1633 1622 1610 1599 1603 1613 1605 1579 1565 1556 1571 1586 1611 1647 1664 1700 1718 1705 1714 1759 1787 1751 1724 1696 1669 1651 1654 1662 1627
1950 2006 2047 2090 2101 2065 2055 2045 2032 2018 2075 2122 2176 2226 2266 2295 2321 2281 2176 2111 2097 2080 2000 1957 1934 1890 1855 1833 1816 1801 1788 1780 1765 1748 1738 1723 1711 1700 1690 1679 1669 1662 1655 1648 1641 1641 1639 1642 1648 1667 1686 1706 1714 1712 1659 1642 1631 1619 1610 1611 1626 1632 1594 1578 1567 1561 1566 1600 1633 1645 1666 1690 1680 1677 1724 1773 1754 1719 1706 1672 1645 1631 1649 1648
1958 1996 2033 2045 2012 1988 1980 1962 1963 1989 2026 2092 2146 2182 2214 2242 2279 2305 2274 2198 2129 2063 2034 2031 1985 1907 1861 1841 1822 1805 1790 1779 1757 1746 1735 1725 1715 1706 1696 1683 1673 1663 1656 1649 1648 1646 1647 1654 1659 1679 1702 1730 1742 1721 1681 1656 1640 1629 1619 1616 1630 1645 1611 1588 1584 1571 1550 1567 1606 1627 1632 1657 1648 1652 1699 1736 1718 1679 1675 1653 1627 1609 1620 1632
1945 1969 1970 1938 1926 1921 1942 1992 2032 2045 2032 2035 2075 2102 2138 2178 2223 2272 2308 2256 2155 2125 2133 2058 1962 1892 1865 1845 1826 1809 1795 1784 1772 1754 1740 1728 1718 1710 1698 1684 1675 1666 1658 1655 1655 1649 1656 1667 1665 1686 1713 1751 1772 1739 1697 1666 1650 1636 1626 1622 1631 1648 1637 1599 1587 1580 1564 1557 1580 1591 1606 1621 1619 1631 1666 1709 1706 1646 1628 1628 1610 1585 1582 1590
1919 1916 1886 1873 1905 1954 1998 2036 2080 2105 2096 2087 2103 2130 2146 2160 2183 2235 2301 2313 2268 2237 2144 2023 1935 1896 1878 1846 1828 1810 1795 1788 1775 1758 1744 1728 1713 1706 1695 1684 1677 1668 1662 1666 1665 1654 1663 1680 1677 1687 1714 1751 1774 1745 1708 1684 1662 1644 1633 1628 1630 1653 1662 1623 1599 1588 1579 1562 1552 1560 1579 1593 1597 1613 1657 1697 1673 1614 1589 1589 1578 1553 1539 1536
1857 1849 1872 1935 1981 2015 2059 2095 2125 2164 2173 2168 2181 2199 2206 2211 2202 2222 2302 2343 2297 2199 2098 1993 1959 1956 1906 1860 1835 1810 1796 1792 1775 1757 1742 1722 1713 1707 1697 1687 1677 1671 1671 1676 1674 1661 1667 1687 1694 1703 1719 1743 1762 1759 1741 1708 1671 1654 1644 1634 1631 1648 1674 1660 1616 1603 1585 1565 1549 1543 1547 1564 1579 1604 1637 1655 1627 1582 1555 1543 1537 1520 1508 1504
1836 1886 1939 1989 2041 2082 2117 2141 2147 2133 2093 2103 2150 2219 2273 2281 2258 2248 2305 2329 2229 2126 2075 2023 2030 2019 1939 1882 1852 1821 1801 1797 1780 1760 1744 1730 1727 1715 1704 1693 1682 1676 1679 1686 1682 1668 1672 1688 1706 1718 1730 1747 1767 1777 1772 1738 1684 1667 1658 1643 1631 1639 1677 1688 1643 1621 1599 1588 1575 1554 1533 1535 1554 1568 1588 1603 1581 1549 1527 1519 1514 1506 1502 1501
