data/dogrib_c2/saz.asc
ncols 100
nrows 100
xllcorner 457900
yllcorner 5716800
cellsize 100
NODATA_value -9999
[rows 47 to 93 of 100, columns 0 to 95 of 100]
356 327 266 255 90 84 83 71 27 0 358 36 68 58 317 338 10 19 2 9 33 47 58 62 65 65 56 49 50 59 98 114 117 109 99 109 150 187 209 222 232 235 211 87 78 80 103 211 225 231 229 232 237 48 58 60 86 111 102 129 169 131 30 10 0 352 354 344 340 3 21 31 47 91 53 315 349 30 35 34 29 25 17 349 357 16 36 43 12 4 28 34 30 21 24 33
330 352 326 290 57 81 72 42 5 3 15 52 75 57 301 318 18 38 27 40 73 72 73 74 68 57 47 45 45 43 52 57 55 61 68 71 84 136 193 213 231 236 219 128 84 77 84 178 225 232 228 231 239 246 50 55 52 34 61 68 338 337 351 3 2 353 14 6 326 353 33 51 63 62 344 303 327 29 38 37 31 34 36 331 307 18 60 62 17 357 20 26 21 15 17 20
268 305 326 312 31 66 51 20 1 16 50 82 85 45 301 306 16 46 53 86 119 109 91 77 65 56 48 47 46 42 40 32 31 47 57 64 71 82 128 210 235 234 217 190 87 73 76 114 222 233 232 236 240 243 237 68 58 34 68 70 305 310 334 2 9 9 33 13 328 349 44 55 52 44 335 288 298 10 38 42 40 42 39 356 276 144 101 76 1 355 12 18 19 23 23 16
261 260 278 300 6 40 30 13 14 40 68 81 75 6 308 310 4 48 60 71 87 100 90 75 69 65 57 50 50 46 49 50 57 72 75 73 73 78 92 171 228 227 225 236 59 70 74 90 213 230 232 236 236 239 232 97 70 70 88 86 271 272 290 338 8 25 39 9 333 0 48 59 59 56 347 287 290 335 40 49 49 48 41 34 149 141 111 0 352 5 12 17 21 24 21 14
285 285 286 296 340 28 22 17 32 45 58 61 42 354 315 309 2 59 70 74 75 71 57 57 60 58 54 58 59 58 66 70 66 78 86 89 88 89 95 123 215 230 245 258 270 79 78 82 181 229 234 236 236 239 242 219 85 99 105 97 260 257 253 258 320 32 36 12 349 23 73 87 77 54 358 295 288 310 39 58 61 59 58 69 97 105 338 321 346 15 16 19 23 22 22 23
306 316 314 310 336 23 21 23 35 39 45 39 24 4 326 304 22 81 85 76 56 41 33 46 55 54 54 61 65 69 72 73 75 89 93 98 100 97 95 100 189 236 246 248 229 99 86 84 117 221 228 226 229 238 245 229 109 105 113 116 248 247 234 231 229 225 25 14 15 52 81 76 35 31 14 291 279 298 41 72 76 76 75 75 71 47 305 292 319 8 15 22 28 30 30 38
313 321 324 316 322 96 75 22 28 34 33 27 23 14 349 328 70 91 77 38 29 37 46 65 72 64 60 62 68 77 79 79 84 91 91 92 96 100 101 104 144 222 235 235 218 135 89 74 79 196 216 216 227 237 241 231 124 101 108 127 235 234 227 226 217 213 241 358 50 72 68 33 15 37 30 309 282 286 71 88 88 82 77 73 68 51 282 263 260 304 3 27 37 38 39 47
314 317 327 127 158 163 183 222 353 27 26 26 26 16 3 16 66 63 32 25 48 67 79 90 81 61 63 72 79 83 85 90 99 97 93 90 93 99 103 104 120 199 229 229 213 177 130 71 72 108 214 220 230 237 238 238 149 97 100 128 209 219 225 223 215 222 240 249 64 57 36 22 39 52 19 335 296 280 78 81 78 76 79 83 87 93 243 237 231 234 245 35 43 41 45 53
314 320 65 123 144 173 204 220 219 236 17 25 20 14 17 39 50 38 45 83 103 99 86 67 47 51 64 72 75 77 79 84 97 105 102 93 90 91 90 85 86 138 216 217 205 189 194 138 82 80 201 226 227 230 234 242 204 95 93 118 184 210 223 230 238 255 259 257 351 30 30 42 53 27 1 351 309 253 116 83 76 80 87 95 99 104 191 214 222 227 224 221 52 55 64 73
311 346 97 108 122 173 217 227 226 226 227 327 4 17 35 55 64 77 101 105 95 73 56 34 36 53 63 65 65 68 73 77 83 90 88 83 84 80 64 53 58 74 161 201 201 195 203 198 108 82 110 219 221 226 234 241 227 100 92 114 169 209 231 251 263 267 257 246 254 8 50 53 31 7 10 39 130 189 163 132 113 104 100 97 95 101 133 196 224 234 231 232 216 96 96 103
310 93 105 105 108 155 227 234 229 226 225 226 225 -1 62 74 84 89 74 47 33 40 49 44 56 65 68 70 69 72 74 78 82 82 80 87 87 74 55 53 62 68 78 149 188 191 201 213 182 86 81 199 225 226 231 234 233 135 98 111 160 214 239 250 252 245 231 229 232 225 64 41 20 21 62 97 124 155 157 146 127 103 73 63 71 87 112 166 216 238 233 233 214 128 117 119
349 111 111 113 110 135 225 226 217 221 224 220 208 205 128 77 69 52 24 19 35 52 59 60 75 79 77 75 75 75 72 78 84 82 84 92 93 89 91 93 88 81 79 87 116 183 195 215 220 115 84 104 227 218 219 225 231 189 105 103 145 212 231 240 239 229 222 226 229 232 233 38 41 68 89 90 74 58 52 48 40 22 27 45 59 74 96 142 196 232 221 227 204 139 127 126
155 135 117 111 105 110 197 210 212 224 223 209 192 194 195 93 55 33 20 32 60 68 64 63 70 78 80 80 81 78 76 80 78 68 74 83 92 101 108 115 112 105 90 54 1 6 47 184 223 180 115 111 201 213 212 220 228 215 110 93 123 198 234 251 244 227 226 230 236 231 219 216 80 74 67 54 46 32 16 13 11 9 31 56 68 81 98 125 185 227 217 222 188 145 139 136
165 161 136 104 80 76 117 201 225 233 220 194 176 186 209 210 43 31 45 76 92 91 88 87 88 90 90 90 90 86 84 78 60 57 68 78 85 88 85 87 89 81 48 8 349 14 59 78 213 194 142 123 152 201 210 212 222 226 155 97 108 184 248 257 242 226 236 236 229 220 227 247 305 68 64 79 106 149 195 287 19 38 69 78 83 91 99 110 171 222 209 202 176 148 143 142
170 180 172 142 111 88 95 181 240 229 206 184 173 197 231 239 245 61 78 93 101 94 88 92 99 105 105 98 94 92 87 69 55 66 74 77 77 68 63 64 60 46 6 0 12 60 83 85 125 189 170 145 131 180 201 203 217 223 193 122 112 176 247 247 226 223 235 224 223 242 259 252 215 113 109 117 123 153 195 207 174 157 129 97 92 95 99 104 141 203 194 191 170 112 98 102
172 193 190 176 159 133 122 171 228 210 199 191 200 255 265 252 217 165 104 88 68 57 65 77 88 97 104 107 106 103 99 105 108 97 90 84 76 61 64 67 52 25 353 14 66 97 90 72 70 119 176 161 116 142 196 204 205 208 203 154 129 180 238 234 219 219 227 233 258 262 234 218 218 138 102 97 91 106 182 207 174 161 163 108 98 103 108 113 131 182 199 260 323 20 44 62
179 206 201 182 154 139 140 206 251 242 243 257 272 269 260 222 176 178 141 97 64 73 84 89 93 98 103 111 112 109 107 119 132 110 97 91 83 74 76 67 27 8 1 43 78 85 51 39 46 46 41 84 77 16 12 95 182 197 200 176 154 195 238 230 223 231 247 258 251 215 207 234 254 124 96 91 84 89 130 197 175 161 183 131 107 111 116 120 124 164 213 253 275 17 71 94
193 215 197 174 146 139 185 301 316 325 324 281 234 239 249 195 132 164 168 157 149 122 113 108 105 107 102 102 103 99 90 82 73 81 82 81 82 88 88 62 1 6 38 74 85 82 343 21 52 55 48 57 30 337 14 47 60 201 196 181 180 214 243 232 233 249 254 234 211 202 240 256 244 168 108 115 115 107 113 164 172 161 183 147 113 109 116 123 122 138 202 232 238 182 117 120
202 215 176 165 153 162 298 308 316 333 151 183 228 263 276 332 62 87 139 163 163 142 130 129 125 122 106 90 80 70 66 56 53 65 74 76 77 80 71 24 357 45 97 114 109 112 237 158 95 92 90 55 356 332 25 51 44 23 25 88 166 217 231 218 224 237 226 200 201 225 242 234 234 220 87 87 93 90 86 99 138 151 178 155 111 106 114 120 124 120 174 222 223 175 132 130
196 199 158 163 208 303 307 309 315 134 148 207 269 282 285 310 50 62 75 114 152 146 134 133 128 115 97 72 60 62 66 65 68 75 80 80 77 66 38 5 27 88 109 117 119 135 192 167 135 117 41 345 354 9 33 54 63 59 61 67 69 208 218 213 212 225 217 195 215 243 249 259 274 293 66 75 78 80 79 84 96 111 152 158 129 117 119 124 135 125 139 202 202 166 138 135
184 176 158 282 310 313 308 288 142 137 161 247 268 271 271 263 104 93 88 92 110 116 88 54 45 45 50 60 70 77 79 80 85 88 90 92 88 72 50 45 96 106 110 107 107 123 159 149 135 35 330 328 354 28 42 55 70 81 90 56 37 50 186 214 212 219 220 213 253 275 286 288 268 233 118 90 96 101 97 92 79 43 54 94 113 97 91 101 123 135 135 169 178 158 142 135
179 184 291 305 306 298 238 166 144 140 214 270 272 269 266 250 112 116 113 96 65 28 24 43 55 56 64 75 84 84 80 80 83 88 93 97 98 102 124 145 136 123 117 107 100 106 119 99 348 330 327 318 347 39 55 60 62 68 54 349 10 47 65 194 214 218 229 251 273 272 265 235 200 201 192 95 76 67 63 59 37 5 34 44 28 39 62 90 115 133 137 147 153 148 144 90
238 305 309 299 269 191 174 162 149 162 267 276 270 261 248 231 90 83 82 64 25 19 51 72 68 68 82 86 85 83 79 77 82 86 85 81 80 88 104 126 133 129 122 113 102 79 39 355 324 321 327 323 340 52 68 61 55 56 29 330 349 42 57 53 225 222 234 254 256 242 229 195 178 208 227 131 72 60 60 65 66 323 39 41 32 65 94 119 134 142 145 139 125 120 324 329
286 297 285 240 174 168 170 169 168 205 245 250 246 234 220 213 141 60 48 35 30 59 69 49 47 62 75 77 76 78 80 91 98 98 88 78 69 66 68 77 90 99 102 95 65 22 356 338 315 307 315 326 351 60 68 53 50 48 26 317 320 42 58 44 29 143 224 236 231 218 216 191 171 218 236 200 125 126 120 109 127 184 193 113 107 114 118 129 136 142 148 135 95 21 319 321
265 240 203 176 166 170 179 188 251 273 244 230 220 211 208 210 212 77 45 47 54 47 31 42 71 84 81 74 74 74 75 78 79 78 80 77 69 66 71 75 74 75 72 46 23 3 332 333 309 295 299 316 7 59 65 56 53 51 38 315 289 38 60 51 41 58 195 234 224 206 209 192 176 222 236 204 135 142 156 138 132 168 195 160 138 133 129 130 123 111 99 90 30 334 322 332
240 194 174 171 178 210 290 319 334 349 345 274 241 227 221 219 223 233 31 50 39 23 44 85 101 98 82 78 81 80 76 67 65 66 72 82 90 92 90 86 78 73 48 10 24 1 313 332 315 284 282 291 19 68 68 59 55 56 46 334 280 339 51 54 47 52 47 240 214 203 207 194 189 230 243 214 126 132 163 160 142 157 182 161 141 140 137 132 108 55 40 18 335 319 323 344
200 176 174 244 311 322 323 322 327 350 4 352 337 334 330 306 256 253 275 35 43 61 94 102 90 57 56 69 77 84 82 76 82 85 89 97 103 99 91 84 79 64 10 355 32 10 299 321 332 295 275 264 135 72 58 54 58 55 45 18 277 288 35 51 45 44 57 85 184 202 207 200 208 241 244 196 132 131 160 169 155 154 171 161 143 138 129 100 59 3 3 349 335 330 332 354
194 228 309 321 327 327 327 328 323 334 46 313 312 328 345 358 347 286 275 91 106 116 108 87 33 32 53 60 64 72 68 70 81 86 88 80 59 60 66 68 67 38 343 350 41 25 292 297 324 313 288 270 284 40 43 54 61 49 42 45 273 265 332 48 49 44 53 52 50 151 199 206 215 226 218 178 140 135 152 167 158 150 160 158 139 105 73 68 5 329 334 334 334 343 356 12
295 310 309 302 298 292 265 212 188 175 184 226 253 273 310 357 8 327 290 106 104 102 74 31 14 47 67 65 61 65 61 69 79 79 73 49 36 52 60 63 53 7 338 3 61 36 291 281 295 307 297 283 291 20 56 66 67 51 47 65 135 248 262 42 52 47 44 35 32 35 38 213 205 204 201 175 149 142 148 158 151 135 125 90 56 67 69 345 336 336 331 322 324 353 8 1
287 274 250 229 215 198 187 185 184 195 275 306 307 276 272 312 0 348 339 53 63 47 21 18 45 81 87 78 70 73 70 73 81 80 69 42 47 65 68 65 45 350 353 69 87 24 298 276 271 267 249 249 229 162 143 97 87 89 88 92 120 233 246 272 52 50 42 41 28 22 29 26 20 189 191 172 154 146 142 136 118 87 45 40 34 31 355 332 334 341 340 323 311 346 349 345
227 216 213 213 212 205 215 282 325 324 294 303 333 322 285 288 327 346 0 32 47 51 57 90 100 102 100 90 79 76 66 67 76 72 62 56 74 79 72 64 35 340 48 90 82 333 311 285 256 210 195 211 190 164 176 136 108 127 149 112 117 228 243 247 40 50 46 50 26 2 34 38 33 52 98 145 143 122 98 87 90 74 30 2 348 349 343 334 336 346 354 350 337 340 344 343
305 300 291 296 311 326 323 310 328 353 296 279 306 339 312 292 304 333 22 70 84 89 106 130 126 116 109 108 99 87 76 76 76 69 64 74 88 85 76 67 27 347 67 78 27 311 311 295 212 173 180 199 177 165 196 154 113 133 169 130 122 211 236 240 238 64 60 63 43 324 23 46 54 64 58 39 37 60 79 78 63 14 341 333 332 338 345 346 347 354 359 359 350 346 350 354
340 344 340 325 323 336 334 297 293 354 326 263 254 284 313 298 290 310 82 107 117 109 90 94 115 129 125 117 116 110 99 87 82 79 76 81 89 92 87 65 13 14 67 66 14 302 292 201 144 147 173 194 162 167 218 159 116 131 176 156 134 188 225 233 233 182 88 87 73 291 354 53 52 51 57 62 74 87 93 38 23 353 322 322 325 328 340 351 353 355 2 8 3 358 4 11
331 340 347 335 323 333 345 330 306 331 2 299 269 266 284 297 290 311 81 89 100 119 127 106 102 105 91 78 73 67 61 68 82 90 91 94 99 99 82 22 8 51 81 82 57 251 184 163 148 131 159 188 156 170 211 161 126 131 171 173 150 173 216 225 232 214 120 110 147 250 196 117 110 101 102 116 128 127 348 352 0 338 313 304 297 286 291 321 336 341 359 12 11 11 20 27
321 332 345 345 335 334 343 345 333 339 2 339 315 298 288 288 286 315 96 101 99 104 125 114 71 31 38 59 64 59 58 76 89 98 106 102 96 78 27 2 53 100 114 121 152 175 157 163 171 133 129 170 165 174 189 159 137 133 157 174 162 170 204 218 230 220 137 116 162 215 175 134 141 144 134 132 136 212 306 337 346 335 316 299 281 264 253 242 240 253 293 355 12 24 33 36
319 324 336 337 323 313 320 334 338 348 0 347 326 311 288 268 263 187 96 96 88 66 44 32 24 40 64 81 95 103 101 100 99 100 102 90 75 48 7 68 113 125 135 140 155 163 153 163 186 165 116 124 153 168 172 160 148 143 149 164 161 165 194 214 229 226 160 116 144 204 174 123 125 141 144 138 18 319 326 324 327 330 331 328 323 316 300 304 311 290 278 294 352 24 31 33
284 207 191 194 203 218 237 261 295 333 8 10 302 241 233 237 234 204 78 59 49 39 38 43 64 94 101 98 98 113 121 117 113 110 99 82 79 88 138 133 126 128 135 138 146 150 150 165 186 187 155 121 119 140 161 165 161 157 157 166 161 158 187 209 227 225 184 135 138 194 176 130 119 121 132 321 323 335 358 324 308 316 333 342 329 327 317 314 331 336 319 307 321 10 25 28
173 176 187 199 210 228 243 252 258 242 145 142 169 192 216 219 205 210 208 41 43 53 78 104 116 118 119 110 100 105 113 115 119 129 138 132 126 135 145 141 136 133 130 122 110 95 88 103 159 176 176 163 140 132 147 164 171 169 162 170 170 158 180 200 221 216 187 159 153 177 168 140 127 115 337 311 313 344 33 323 304 310 330 357 342 328 330 318 322 340 317 280 250 185 315 27
175 196 258 287 297 294 288 284 271 184 160 159 161 191 224 204 185 217 236 281 68 77 85 95 105 110 112 109 94 80 82 95 109 130 151 155 152 148 143 138 133 122 92 50 36 28 26 40 69 121 163 170 157 146 143 155 173 176 160 167 178 154 166 188 210 206 187 174 168 168 158 142 131 30 320 307 308 3 54 318 297 301 321 2 353 323 327 323 310 122 174 203 202 179 210 228
275 304 311 312 317 318 306 298 272 139 159 163 159 211 232 184 184 234 245 206 125 104 92 92 96 100 107 120 122 106 99 99 103 115 132 148 155 155 145 119 81 41 32 43 38 16 53 85 93 95 117 151 155 153 150 135 127 170 161 -1 350 39 50 71 183 194 189 183 174 164 149 116 4 325 323 315 311 33 61 309 287 278 283 335 352 335 332 343 189 154 144 194 209 182 210 237
322 312 310 305 306 316 315 308 113 123 155 166 175 235 207 170 208 251 248 179 141 135 114 107 111 117 121 130 144 147 140 124 111 107 111 126 149 171 171 137 112 120 135 144 169 171 128 121 123 116 113 126 137 144 327 351 0 0 354 353 358 6 12 17 20 22 36 168 169 -1 0 0 333 318 324 325 317 61 67 291 272 265 267 288 326 345 38 118 167 175 137 177 208 196 223 245
334 320 316 315 307 308 314 143 130 119 135 163 207 219 172 184 243 257 237 154 134 144 125 115 121 130 132 125 127 140 150 150 143 135 122 118 135 182 192 169 163 157 155 162 180 168 137 129 132 128 122 128 126 321 328 340 345 353 359 1 358 1 9 14 15 17 18 13 5 357 344 345 325 302 300 311 311 82 66 284 257 262 262 248 231 188 133 130 162 188 159 164 202 223 244 238
340 332 319 316 296 271 161 138 146 136 122 154 209 184 172 227 257 253 214 142 131 137 123 116 123 136 148 138 116 108 121 144 158 162 143 125 122 164 189 173 162 157 157 167 180 162 139 134 137 135 129 137 308 308 318 332 339 350 8 12 353 354 10 21 27 22 359 4 12 14 350 336 326 293 275 280 12 14 30 28 260 251 240 216 204 180 153 145 169 192 175 172 219 241 231 211
333 340 328 247 224 217 149 123 141 160 139 167 184 154 202 250 255 243 183 135 128 133 125 120 128 144 158 155 139 100 86 101 138 169 161 146 126 133 176 179 162 155 155 162 171 159 141 133 135 139 130 323 316 316 313 320 331 348 21 23 349 349 27 50 52 13 334 354 21 36 8 321 334 317 298 304 338 343 9 34 6 242 218 203 197 178 160 159 194 216 247 312 323 265 228 211
288 244 148 172 211 222 144 106 117 160 163 203 161 128 223 246 251 230 158 143 127 129 132 129 137 152 161 156 158 149 116 102 109 149 169 160 146 122 141 179 170 155 151 154 158 155 146 135 129 119 331 325 318 320 318 312 314 337 13 21 8 22 72 69 40 357 318 328 41 61 26 312 335 337 321 319 322 329 5 37 44 317 233 220 210 193 196 304 325 328 320 327 354 4 322 325
215 158 153 178 222 221 169 111 103 128 172 220 163 131 230 246 250 223 132 142 135 128 134 138 145 168 178 138 120 135 138 132 121 124 154 162 160 141 130 162 176 161 155 152 151 152 148 137 124 318 319 318 313 314 324 325 307 311 352 22 32 45 42 21 12 7 336 253 113 87 1 319 333 342 338 331 322 319 10 56 62 28 320 324 314 313 318 324 338 352 339 325 1 19 326 327
186 144 154 202 216 209 190 127 107 112 161 219 166 150 242 257 255 204 126 133 138 132 133 148 162 195 205 184 107 101 117 139 146 128 128 149 157 151 136 145 167 152 150 151 150 149 141 102 323 317 315 310 305 305 319 339 322 296 313 26 47 42 18 5 17 36 38 118 126 56 333 332 337 339 342 332 323 310 136 107 81 25 313 336 351 345 340 329 327 353 358 333 8 13 319 320
