data/dogrib_c2/saz.asc
ncols 100
nrows 100
xllcorner 457900
yllcorner 5716800
cellsize 100
NODATA_value -9999
[rows 0 to 46 of 100, columns 0 to 95 of 100]
92 93 80 46 344 306 296 285 270 261 232 88 80 78 81 90 185 215 168 126 87 14 337 326 304 339 73 75 289 259 256 254 251 250 249 241 114 61 39 51 97 99 75 21 43 71 351 310 323 341 34 58 64 76 230 231 228 -1 65 69 58 336 301 95 97 102 109 122 116 70 307 326 357 300 306 350 12 29 37 35 48 56 43 20 71 105 161 158 157 142 351 323 331 4 26 41
94 85 45 16 353 331 317 294 275 258 221 106 77 69 70 79 119 171 163 154 331 345 354 355 349 356 50 59 48 249 244 239 234 232 230 226 230 15 33 56 80 66 22 21 37 27 358 329 321 334 40 60 66 86 173 206 214 222 84 65 54 42 141 129 109 99 104 120 133 303 310 347 8 308 309 343 3 11 22 28 40 51 48 13 4 13 6 7 3 348 337 332 340 2 21 29
82 48 8 15 355 330 333 301 277 267 228 123 105 85 80 83 90 91 74 313 301 320 354 7 10 10 36 54 56 281 243 234 229 228 228 228 231 229 80 66 55 29 20 33 23 14 15 0 195 176 169 113 87 91 129 194 211 215 199 101 81 104 138 148 138 115 105 101 326 299 293 338 7 298 286 310 358 33 61 71 77 81 61 343 354 6 359 357 356 351 342 333 339 6 27 27
73 11 354 26 357 322 340 335 281 260 222 107 111 104 94 90 85 59 16 298 273 275 315 4 21 22 35 51 48 36 248 228 226 228 230 230 227 220 208 69 48 37 35 30 18 34 62 88 130 152 177 164 113 104 117 170 204 209 210 185 101 100 119 141 151 139 121 55 320 315 310 337 358 312 292 293 26 98 112 120 117 109 342 325 350 5 1 357 355 352 344 329 334 7 24 20
61 349 354 39 347 317 336 357 340 250 196 121 107 103 97 89 62 14 8 303 259 255 257 300 21 32 44 47 36 38 41 239 232 233 234 232 230 231 242 286 36 38 33 35 48 75 86 88 89 95 138 166 130 107 98 113 178 195 204 202 152 113 118 135 141 134 118 312 319 330 329 343 355 325 308 306 118 122 116 109 111 107 296 305 337 5 11 16 16 338 320 291 291 347 17 19
38 340 4 42 335 299 323 2 33 100 175 141 116 104 96 83 5 353 16 23 267 256 247 245 284 47 57 56 47 49 48 37 252 243 243 242 247 254 258 265 354 30 37 51 67 75 74 60 47 53 63 68 52 45 43 49 65 131 188 198 175 142 136 143 132 124 298 297 300 314 325 341 353 333 300 143 110 120 131 120 104 348 294 285 297 354 26 46 69 162 212 219 231 239 306 55
30 339 10 48 6 267 263 -1 93 105 143 147 125 111 95 32 331 352 27 45 287 260 249 239 232 133 78 78 96 103 78 64 1 260 256 258 261 258 248 239 242 5 48 58 56 49 42 30 38 58 56 20 3 20 35 44 50 61 87 172 174 133 109 119 118 94 284 274 263 268 290 319 356 24 184 162 122 113 126 131 96 317 305 295 278 284 33 59 71 99 206 205 217 224 208 151
31 347 19 52 37 265 226 176 138 127 136 143 120 98 80 325 319 353 34 49 2 266 252 235 225 204 106 88 98 124 130 102 69 273 268 264 258 247 237 232 233 236 56 52 40 33 35 39 57 60 42 26 14 25 44 53 61 72 76 49 343 9 48 75 90 311 282 261 248 249 253 250 164 125 144 160 144 127 121 51 333 321 313 314 305 235 190 84 77 83 180 207 204 220 211 172
38 0 30 53 30 344 324 116 113 103 77 41 42 64 59 298 303 349 40 54 40 284 252 223 217 214 165 98 97 111 130 119 108 283 280 270 256 245 241 239 238 238 244 45 43 45 56 67 72 66 58 72 110 176 126 75 74 81 90 81 283 348 78 84 14 320 317 304 267 248 242 223 169 141 135 139 136 130 12 331 334 325 317 320 4 90 185 139 90 83 110 200 192 213 213 184
44 10 32 41 7 351 11 41 50 40 27 34 70 88 82 277 282 326 57 67 54 330 235 201 204 211 199 121 100 103 113 98 309 285 280 269 257 251 247 243 243 243 246 295 62 67 74 82 93 109 126 125 114 148 178 121 89 84 91 126 211 189 116 98 314 315 330 340 329 282 262 232 153 144 145 122 102 91 299 314 337 334 309 296 6 56 76 139 116 99 104 174 189 199 207 189
42 14 22 28 0 357 58 90 99 102 116 130 133 108 45 278 269 253 94 80 50 24 68 168 191 203 203 154 108 97 104 90 288 268 259 256 255 251 248 249 250 249 248 240 92 81 81 85 90 94 102 120 127 129 160 146 105 91 90 107 171 179 131 102 300 310 332 346 352 328 293 226 126 129 147 137 93 47 279 278 304 344 327 261 195 90 68 86 107 100 89 109 176 187 199 191
37 17 18 26 14 47 94 109 125 136 130 119 90 54 342 288 270 233 100 57 23 30 47 55 104 183 194 170 126 98 55 355 333 256 242 242 242 240 244 249 250 247 245 245 90 76 80 83 76 64 60 68 84 109 135 138 105 92 89 95 118 146 131 305 303 318 342 350 355 353 342 85 106 109 119 137 113 94 269 253 231 228 290 4 143 160 127 75 58 53 56 53 52 107 191 187
33 24 22 26 26 43 68 79 88 92 72 41 12 30 331 280 275 284 35 7 6 29 43 45 45 63 125 156 135 97 336 342 10 26 239 233 230 233 239 241 242 244 248 252 249 81 86 93 94 88 83 82 85 98 128 151 99 88 88 93 106 109 342 298 292 301 331 347 353 6 26 59 69 65 69 87 99 282 270 245 221 222 229 225 80 114 162 138 65 45 48 43 30 29 47 118
35 44 63 93 95 76 84 90 90 42 16 22 0 25 7 277 274 298 352 345 351 31 49 54 55 64 79 90 88 61 289 314 14 40 34 242 237 239 240 240 243 247 246 242 222 108 96 101 109 114 112 107 104 100 108 156 135 109 106 110 105 30 318 287 268 255 257 292 331 16 50 64 68 71 82 96 91 295 275 252 234 232 231 227 88 76 104 162 178 122 64 56 48 54 65 64
101 60 47 49 90 133 120 95 47 349 8 24 355 20 32 286 270 279 322 349 294 82 75 72 75 89 91 53 27 48 264 273 352 47 50 340 254 249 247 246 248 243 235 233 216 139 103 99 106 113 113 106 100 97 96 121 141 130 119 79 7 4 325 274 253 238 232 234 248 21 72 84 103 118 116 100 33 305 299 303 287 268 254 238 180 89 80 97 172 192 136 105 115 121 105 78
2 16 32 52 68 78 67 45 3 340 16 28 357 29 51 296 265 256 240 147 158 163 129 98 93 97 72 8 18 57 266 263 278 59 63 50 269 251 247 246 244 237 237 234 203 164 117 99 102 111 118 117 107 95 89 94 112 119 15 345 359 17 6 304 251 235 232 239 245 228 91 91 103 120 122 43 353 313 304 322 323 308 306 291 178 117 81 68 77 168 157 134 135 134 126 120
13 22 42 59 55 39 29 27 356 336 21 31 12 48 60 321 269 237 206 161 141 158 159 127 108 90 8 0 40 75 268 258 248 101 79 70 286 255 246 243 242 242 248 229 178 175 147 110 104 108 118 128 128 109 104 107 105 49 315 326 1 21 16 14 329 258 250 253 252 237 104 94 94 94 28 337 345 320 296 304 322 315 319 15 103 143 103 70 73 100 132 125 72 57 72 98
37 43 37 41 42 42 43 29 358 351 34 41 33 60 54 335 287 210 188 170 137 133 150 139 112 30 5 38 93 84 321 256 233 176 101 74 344 298 259 244 244 245 244 212 151 169 175 136 114 113 114 126 147 137 129 122 89 329 296 300 346 12 16 23 17 352 283 257 246 230 124 101 95 81 340 319 329 327 306 286 286 290 286 107 108 141 183 119 102 107 89 353 12 45 64 78
48 52 42 51 59 56 47 25 358 10 30 29 43 61 40 4 -1 155 153 164 132 108 112 119 0 352 32 80 103 345 331 325 229 194 140 17 354 349 338 288 257 247 241 211 127 139 176 162 133 129 131 139 155 143 112 52 355 347 289 273 296 344 9 23 29 25 342 267 247 223 140 110 100 45 338 339 342 342 334 315 271 234 182 152 130 137 183 161 128 101 339 340 38 77 85 81
53 58 49 53 70 62 39 19 0 18 33 31 45 50 33 46 77 99 74 85 111 109 94 7 333 358 79 90 64 307 302 13 58 199 263 316 349 3 4 350 297 267 257 214 121 102 133 158 147 140 138 138 150 358 7 356 344 13 341 256 251 266 326 21 39 40 28 317 249 210 143 116 75 339 339 352 358 356 352 349 344 185 151 142 125 108 125 135 58 355 331 349 88 92 92 79
63 64 57 67 78 57 33 21 9 35 53 55 52 49 53 62 61 75 123 122 117 107 11 339 352 58 94 49 0 345 290 -1 75 27 274 279 315 5 20 15 338 288 280 -1 116 107 100 120 133 129 108 30 349 335 343 348 347 22 38 278 251 249 260 353 53 51 47 32 235 178 138 118 328 329 337 358 9 5 2 2 12 30 43 50 45 30 25 4 350 358 19 119 113 102 96 10
110 80 75 85 79 43 33 26 28 52 59 57 53 59 67 67 62 48 54 84 98 75 312 323 37 90 91 318 341 13 12 37 79 45 261 253 259 318 26 30 20 278 260 125 111 130 117 111 112 75 3 344 350 328 323 340 356 38 58 358 285 280 276 273 83 72 65 61 90 134 120 305 303 309 319 351 8 12 11 12 23 32 35 35 30 29 30 359 338 95 102 100 100 101 90 316
160 126 101 83 43 31 38 37 49 62 62 59 61 67 64 56 41 10 34 65 75 22 292 271 106 98 80 288 310 28 42 33 35 35 282 253 250 257 352 39 58 147 214 174 126 137 135 123 102 342 345 344 1 336 306 320 32 84 80 354 307 298 292 122 118 116 101 92 88 87 25 294 279 265 256 273 335 7 12 20 34 39 43 41 38 46 64 116 158 153 146 122 104 98 355 307
111 122 86 35 22 33 38 41 50 57 57 61 67 62 57 57 46 16 95 95 79 345 311 -1 91 77 45 276 273 32 46 30 28 43 9 264 255 254 268 48 60 71 164 170 137 133 132 117 308 323 342 354 9 355 313 297 100 97 51 334 316 307 307 95 112 124 118 98 76 61 348 280 264 249 241 244 256 306 0 28 46 50 51 55 69 88 102 118 138 148 154 148 125 102 297 285
38 27 15 17 32 43 45 49 48 44 45 59 73 85 95 100 116 143 133 114 39 336 344 25 58 76 61 273 268 307 20 27 36 51 40 281 265 257 255 0 56 59 73 109 108 96 99 312 293 302 328 356 13 8 348 16 90 63 351 334 321 317 0 100 98 93 40 24 35 38 10 284 265 258 257 260 261 262 282 40 59 61 65 79 98 104 99 91 90 100 113 120 108 71 272 247
54 55 78 115 118 120 119 105 96 91 91 93 96 112 127 126 132 134 114 51 347 337 352 31 67 87 67 279 278 293 342 26 45 53 46 299 264 256 253 262 59 67 66 46 37 60 70 295 281 284 300 341 8 12 15 38 57 8 334 340 333 348 120 122 104 68 334 1 29 36 27 328 272 265 269 271 271 267 261 358 63 65 69 76 78 70 59 56 58 56 45 47 38 7 320 253
112 129 142 145 129 111 72 60 72 89 99 101 101 105 114 115 98 56 32 0 343 353 14 69 87 87 346 294 294 290 305 23 52 54 53 8 258 252 249 248 31 58 54 41 45 69 72 293 273 272 272 289 339 11 32 51 55 342 316 341 17 103 119 127 114 356 306 337 30 43 35 15 304 265 264 264 264 260 251 261 58 67 67 64 57 46 47 58 62 47 27 44 31 352 11 323
125 117 50 14 14 11 15 33 47 54 63 73 86 94 88 58 17 21 28 353 343 15 49 80 90 85 306 290 299 296 288 355 51 59 62 56 264 255 251 249 255 57 59 53 66 79 78 296 266 256 242 238 249 321 54 60 47 338 300 330 80 98 100 93 18 322 305 313 25 48 40 27 17 273 254 250 247 231 227 246 28 67 65 60 53 52 64 73 72 50 47 77 57 315 11 358
64 10 352 1 3 10 31 48 59 69 75 79 83 81 54 12 6 37 41 352 344 27 40 52 75 80 290 278 284 297 289 306 52 66 68 66 281 258 252 249 245 144 81 78 85 85 80 0 258 249 239 237 239 238 43 42 30 0 308 330 78 76 67 48 348 306 302 305 11 51 46 38 45 14 236 233 229 217 227 241 239 71 66 60 64 80 89 79 67 69 96 93 29 296 354 29
24 356 345 0 2 17 46 55 61 68 74 77 76 63 22 357 16 42 38 2 347 20 40 70 87 86 280 271 268 276 283 270 83 76 70 67 23 262 253 245 238 203 106 98 104 105 97 109 259 260 266 269 267 272 313 15 28 18 346 8 67 68 59 46 352 293 287 292 347 45 49 53 67 90 202 223 223 224 234 235 233 124 70 70 80 88 79 54 53 63 66 47 1 314 329 20
19 353 345 1 8 29 53 57 64 69 69 72 69 48 9 356 20 32 30 23 14 96 114 117 103 75 289 271 266 266 271 238 132 95 80 74 57 271 257 238 229 212 127 109 117 126 121 39 268 256 259 266 269 275 289 345 27 25 12 28 65 72 70 38 350 314 293 285 286 43 52 60 71 88 147 226 229 231 230 230 234 225 85 76 72 60 39 33 52 58 36 17 14 347 316 12
12 349 347 7 23 42 58 64 70 72 73 77 72 40 0 1 26 41 58 87 132 147 133 124 92 24 320 290 279 270 267 147 123 120 103 88 56 288 261 215 211 209 149 122 123 124 9 343 337 255 242 239 249 257 252 244 347 27 39 63 82 78 47 357 350 341 312 257 187 193 75 63 68 77 99 223 231 229 231 236 236 233 116 63 53 40 34 40 56 50 23 20 38 24 301 51
10 359 10 112 129 122 86 77 78 80 84 82 66 18 352 14 49 73 93 104 110 101 83 64 25 349 322 308 296 273 249 151 115 122 118 67 17 25 216 172 186 197 159 131 111 349 342 344 3 353 251 248 254 245 228 230 254 17 66 79 78 46 3 348 358 11 77 160 169 200 216 74 71 75 92 193 224 228 236 238 235 237 245 53 51 44 44 48 51 39 22 38 54 36 353 22
41 98 141 148 152 167 146 99 91 92 93 86 39 356 1 27 45 54 61 56 30 29 40 38 28 326 289 290 288 253 222 162 113 106 87 330 7 46 75 138 156 175 161 105 348 345 349 347 357 32 335 259 247 229 230 243 246 243 64 53 31 8 353 359 49 101 128 145 163 208 235 122 78 78 85 144 224 231 235 233 233 237 237 204 55 43 46 48 49 44 36 57 60 21 1 11
105 121 139 145 149 176 178 131 112 107 102 62 351 350 14 26 32 38 44 36 27 39 47 43 35 12 258 254 255 225 196 168 117 95 319 305 3 48 51 48 64 88 311 311 331 355 5 357 357 50 55 254 239 234 243 245 247 261 8 38 32 12 14 92 117 120 116 116 145 216 244 232 86 82 79 85 215 226 230 232 238 238 228 214 217 39 50 50 48 51 53 62 48 4 355 15
123 118 132 133 124 161 173 154 132 105 49 1 346 358 24 24 27 39 44 40 45 52 43 34 25 22 338 260 260 -1 137 163 129 97 288 283 336 48 52 42 45 56 319 284 300 348 13 13 18 54 50 315 263 267 271 268 273 284 323 62 92 139 154 135 126 127 131 112 118 216 239 218 109 89 84 93 164 216 232 243 246 232 215 218 238 289 53 51 48 57 61 67 58 20 355 29
124 101 56 24 45 67 99 91 49 14 6 4 359 14 30 22 29 45 50 52 54 44 29 26 15 16 26 300 260 215 92 108 109 74 289 276 291 36 49 46 55 69 311 264 266 296 5 25 37 44 29 12 304 276 284 292 289 289 313 79 96 126 150 147 135 136 154 148 129 201 226 210 141 84 84 101 147 215 238 244 235 225 231 250 260 273 43 63 71 74 68 79 109 152 176 197
67 31 14 31 71 61 12 14 14 349 4 20 20 27 35 28 42 61 68 67 52 30 25 28 16 24 54 24 262 238 80 60 62 12 284 271 272 351 47 53 57 59 46 253 251 258 302 30 41 33 20 28 352 270 269 280 285 282 290 78 76 72 85 114 126 124 131 140 136 173 207 216 227 75 77 84 122 214 235 235 231 244 262 264 258 247 150 114 117 121 108 98 103 125 166 204
21 14 35 71 74 27 356 28 23 335 358 32 39 42 45 45 64 81 83 70 44 24 37 47 50 78 86 68 277 270 57 59 64 5 277 259 250 250 53 58 56 52 56 262 252 250 254 343 36 35 32 52 41 279 272 272 271 254 215 97 67 58 58 66 66 52 40 46 64 107 180 225 241 95 77 76 89 203 232 232 238 249 248 242 243 209 158 139 136 149 152 129 104 96 118 207
13 32 56 53 34 8 358 28 18 340 352 37 52 54 60 73 82 83 77 67 59 67 89 95 103 102 86 67 263 245 248 59 66 354 297 271 249 241 237 56 51 52 59 6 272 256 245 254 12 43 53 67 40 296 292 287 253 208 194 187 83 64 61 58 54 59 70 63 55 63 88 236 244 186 93 85 82 142 225 225 234 238 226 223 222 177 152 146 141 148 164 160 130 120 121 175
334 38 44 31 22 12 7 20 13 354 0 46 59 60 71 91 94 87 84 85 95 117 120 107 95 81 70 73 194 217 215 164 83 330 299 295 282 270 272 14 45 53 60 34 278 259 242 240 249 57 60 59 22 294 290 298 177 181 191 212 200 83 76 74 84 105 137 153 138 103 94 221 237 192 118 100 91 98 212 220 232 233 218 220 210 161 149 155 147 144 169 186 128 110 117 143
223 301 30 27 23 22 19 23 28 34 88 91 78 75 84 100 116 115 113 112 106 102 97 82 74 77 86 88 100 218 218 184 161 218 243 240 251 263 271 300 35 55 60 55 262 242 231 234 234 201 61 53 26 286 268 248 117 153 199 229 221 128 115 117 105 101 120 150 162 148 117 164 217 188 137 118 112 106 168 212 223 222 217 226 199 148 147 162 154 145 183 236 51 64 73 92
225 232 256 35 53 82 123 142 137 146 156 154 133 108 103 115 129 128 122 110 96 82 74 76 80 87 98 103 95 307 281 145 157 199 207 200 217 229 235 248 330 58 64 65 71 228 222 227 229 230 81 61 49 268 244 220 114 118 207 238 216 136 129 141 131 106 108 133 156 165 137 133 189 186 148 126 124 118 129 181 206 210 215 214 180 150 151 166 160 152 197 233 218 87 72 72
228 232 238 182 93 105 131 153 152 148 155 166 162 138 120 116 114 80 46 45 44 44 51 64 79 87 92 97 95 297 338 96 122 182 197 192 209 219 219 224 227 91 75 75 83 206 219 223 227 233 226 87 74 156 222 218 142 111 195 233 205 131 120 140 154 131 124 136 154 172 169 134 143 175 152 123 104 71 63 82 157 201 209 199 175 159 163 173 166 158 196 218 198 165 129 93
230 239 250 236 89 86 92 115 138 140 139 151 155 144 125 94 22 11 18 21 18 22 38 53 66 79 86 84 54 273 -1 95 101 140 184 192 201 213 214 218 230 218 74 74 82 143 211 226 232 234 229 183 87 97 183 213 180 116 164 223 198 142 116 128 156 145 138 142 131 139 169 135 74 52 67 53 27 25 34 37 43 62 181 181 172 168 174 178 169 164 187 201 189 177 172 146
245 248 252 238 93 85 83 85 93 83 32 34 59 82 62 4 353 3 13 13 14 26 45 54 57 67 77 74 63 240 161 104 91 99 147 182 191 202 212 228 247 251 79 77 78 101 196 225 229 230 230 229 77 74 108 199 195 133 143 207 190 156 133 132 149 144 125 348 4 8 11 8 356 15 26 10 10 21 23 24 34 37 23 35 65 126 164 173 164 162 173 184 183 175 177 169
316 259 246 235 105 92 92 87 65 11 358 25 55 55 346 348 358 4 6 10 21 37 53 56 57 64 65 60 66 135 145 117 99 93 108 155 182 195 214 235 243 237 129 80 77 86 153 219 224 228 230 238 250 62 68 110 181 146 136 181 179 157 140 125 77 10 345 339 356 6 13 11 355 34 47 347 2 26 26 26 32 27 9 12 21 21 29 48 45 26 58 105 159 161 162 163
