data/dogrib_c2/slope.asc
ncols 100
nrows 100
xllcorner 457900
yllcorner 5716800
cellsize 100
NODATA_value -9999
[rows 0 to 57 of 100, columns 0 to 95 of 100]
10 10 8 5 4 6 7 11 21 24 6 19 30 25 14 7 2 8 10 15 12 10 14 13 12 4 20 22 2 24 34 38 38 41 46 31 7 27 21 13 26 35 23 15 12 16 7 15 18 19 25 35 24 6 9 17 13 0 20 31 19 7 3 11 18 17 17 17 19 6 23 18 10 22 29 23 25 31 38 34 33 26 9 2 1 1 1 3 4 2 4 16 22 21 21 17
11 8 6 7 8 8 8 10 16 19 9 12 24 28 19 9 4 8 13 8 10 27 31 24 17 11 20 28 9 17 33 39 41 45 51 46 22 14 31 30 34 27 24 25 24 24 23 22 19 12 16 35 35 17 12 22 25 18 8 29 22 7 6 14 17 17 21 23 12 15 33 22 17 30 42 39 46 51 58 56 52 42 20 8 10 11 11 11 13 17 27 39 43 41 41 37
11 6 7 8 7 8 7 8 13 14 5 11 16 23 23 12 6 4 3 7 24 30 32 32 26 18 20 31 22 3 24 34 38 43 47 49 45 24 10 33 37 32 27 24 27 31 25 9 7 20 21 21 36 29 14 17 26 30 19 15 22 17 18 19 16 17 25 19 7 27 27 11 14 27 41 32 30 29 28 32 42 42 18 22 32 34 35 39 44 46 47 46 41 36 39 42
9 5 7 7 6 9 9 7 9 12 3 11 14 19 22 13 6 4 4 8 23 28 21 28 32 26 22 30 31 17 8 26 35 40 43 46 49 45 23 15 32 26 23 24 22 19 19 13 15 22 26 23 33 34 18 12 20 29 30 15 21 27 20 16 17 22 24 5 25 31 27 18 19 27 43 34 7 29 35 39 47 37 11 46 54 55 50 44 41 39 36 34 31 30 37 41
7 5 6 6 6 11 11 11 6 7 7 12 15 17 19 12 5 4 5 4 19 31 27 12 21 28 26 26 30 34 18 8 25 34 39 41 42 42 35 11 26 32 26 22 17 18 21 18 17 17 13 20 28 28 15 7 10 21 33 33 23 30 22 16 17 19 7 22 38 37 33 27 27 36 45 21 22 39 35 41 44 17 32 55 49 55 51 35 17 9 9 15 17 15 26 33
7 7 7 7 5 12 13 12 10 3 8 11 14 16 17 9 6 10 10 5 12 27 30 24 6 19 27 21 16 26 30 14 10 26 34 36 37 38 40 27 13 34 35 27 21 21 21 18 20 25 21 10 13 25 25 17 9 6 16 31 34 34 25 16 15 10 10 32 33 28 31 34 36 33 26 3 37 41 38 42 32 9 42 51 35 27 37 38 24 7 12 15 23 17 2 12
8 7 6 8 3 11 11 0 9 11 8 10 13 14 13 5 15 19 18 12 7 21 24 27 21 6 22 22 15 13 19 19 3 18 29 33 36 37 38 37 23 9 34 37 27 25 27 26 25 27 25 21 27 35 40 33 21 13 8 9 14 14 13 10 10 1 18 27 27 27 30 30 25 10 15 28 39 46 42 32 9 26 45 42 30 13 17 40 43 15 14 16 24 30 20 14
10 7 6 8 5 6 11 11 14 14 10 8 9 10 9 11 28 27 28 22 5 15 19 21 25 16 15 25 22 16 15 14 4 14 27 32 35 33 34 37 38 23 14 40 36 32 31 26 25 27 24 17 8 10 28 40 30 17 12 7 11 19 23 16 6 5 17 20 24 33 38 27 10 25 29 36 45 51 33 6 27 43 47 36 16 14 9 28 49 31 8 14 17 29 27 19
10 7 6 8 7 6 4 3 9 9 5 5 7 11 8 20 33 24 32 32 13 10 13 14 21 22 11 24 28 18 10 9 1 16 25 27 29 29 29 31 35 35 12 23 36 31 26 24 24 23 17 16 12 11 8 30 38 23 12 3 10 5 26 23 5 15 18 14 16 28 39 33 28 33 30 31 40 36 3 36 45 44 39 29 16 8 18 20 40 40 12 14 15 23 28 22
10 6 7 9 9 10 9 9 10 10 8 6 6 12 5 24 36 14 26 34 17 6 5 11 17 23 19 20 30 18 6 5 3 18 23 21 23 25 26 28 31 35 29 3 27 31 28 27 26 24 21 19 17 12 17 20 36 28 13 7 13 16 26 19 11 23 22 18 13 18 27 19 23 32 26 22 30 13 32 48 42 31 22 18 11 26 14 17 33 38 23 14 18 21 28 26
11 8 8 10 9 7 6 8 7 6 6 9 10 10 3 24 35 10 20 28 18 10 4 5 10 17 22 19 25 16 5 2 5 16 20 19 20 22 24 25 28 31 33 17 17 31 29 31 31 26 21 18 17 14 12 16 28 28 15 10 8 14 19 7 22 28 23 21 21 19 20 5 22 24 17 14 23 8 38 44 22 16 11 9 8 14 25 25 28 29 25 11 13 20 26 27
14 10 9 10 7 4 10 11 10 9 9 8 4 6 7 22 27 10 14 18 22 23 18 8 2 6 14 16 17 12 4 6 5 9 20 22 20 22 25 26 27 29 33 25 6 30 32 31 30 27 27 23 16 14 11 11 20 24 18 12 7 9 9 10 37 39 33 31 31 28 16 9 22 18 11 10 15 1 32 40 29 15 6 3 11 20 16 27 31 30 30 23 11 4 10 18
16 13 10 9 9 9 13 14 9 6 5 6 6 8 6 19 21 8 8 17 26 32 31 20 10 5 4 7 9 5 10 21 20 9 11 23 23 24 27 29 29 28 31 30 5 28 37 32 25 21 24 26 21 19 13 8 14 21 19 14 9 6 3 23 41 36 29 34 37 35 25 22 23 18 14 11 11 4 25 25 29 31 22 2 17 17 19 15 16 29 35 31 26 22 13 6
10 13 9 5 3 6 15 16 9 4 7 8 8 9 6 17 22 13 12 15 18 27 36 29 16 9 7 5 3 1 16 25 28 28 8 13 21 23 26 28 30 30 30 33 19 24 42 35 26 22 24 25 23 22 15 10 14 21 20 15 7 3 9 23 33 33 24 19 23 28 33 28 23 20 18 15 8 9 18 13 16 25 30 18 11 27 18 20 19 8 24 26 19 18 20 14
1 9 13 12 7 11 15 13 7 10 12 11 10 11 10 12 23 18 10 7 3 9 27 31 20 11 7 4 5 5 17 32 16 35 25 4 15 20 23 26 30 30 30 33 26 22 40 37 26 23 23 22 22 19 17 12 17 22 18 7 10 12 9 16 24 30 34 34 26 4 33 35 27 23 19 13 4 13 16 10 9 15 21 20 8 22 28 17 14 19 16 24 19 17 16 11
18 18 18 18 16 12 8 10 11 14 13 12 9 9 10 7 20 20 10 7 16 21 22 27 24 12 4 4 6 8 10 39 17 26 32 11 9 17 21 24 29 28 28 28 26 26 32 36 29 26 22 20 19 17 17 17 18 14 6 24 30 24 14 8 15 22 29 37 38 13 29 44 36 23 11 6 10 15 17 12 12 18 19 9 7 14 24 24 14 10 22 30 23 16 13 7
39 27 22 22 19 18 16 13 11 10 10 12 9 9 10 5 14 17 17 17 22 23 23 24 22 9 4 4 4 9 4 35 28 12 30 16 4 12 18 23 26 26 28 21 25 30 26 32 31 28 25 21 15 14 18 20 19 4 22 35 34 36 31 20 8 11 21 33 37 19 24 47 39 18 3 8 11 12 14 13 16 23 21 10 12 13 10 21 23 17 19 15 9 12 11 6
51 29 25 31 27 18 15 12 11 8 6 8 7 10 9 6 6 8 16 18 18 16 16 18 12 5 6 4 5 6 4 21 29 15 22 14 6 8 11 19 25 26 29 18 25 32 32 29 32 29 27 21 16 20 23 19 10 10 27 31 26 39 45 42 28 14 14 27 34 25 23 46 36 14 6 9 9 10 11 13 15 18 9 9 24 19 16 16 27 24 9 14 21 22 18 10
69 45 20 24 28 19 14 12 11 11 10 9 9 11 8 5 0 3 6 8 9 13 13 7 3 9 8 8 7 3 12 8 14 18 10 10 18 16 11 11 19 24 26 16 21 26 31 33 35 34 33 26 20 17 13 8 15 17 20 31 22 28 44 54 48 28 11 16 26 24 25 41 28 8 15 18 17 15 13 11 12 15 17 25 31 26 24 27 29 13 16 25 20 25 20 12
78 65 28 21 31 19 14 12 11 11 11 10 11 12 9 7 4 1 3 4 7 12 9 5 9 6 10 10 5 8 12 8 5 6 10 20 26 26 21 14 12 18 20 10 16 24 21 31 39 38 30 19 7 3 16 24 29 25 9 28 30 24 20 38 53 41 20 7 15 18 26 31 12 22 36 36 31 25 21 17 11 1 14 20 22 15 6 8 8 18 21 8 21 27 21 8
68 75 42 24 30 17 13 12 10 9 9 7 9 10 9 8 7 3 4 7 10 10 4 12 11 7 12 6 12 11 8 0 9 2 17 26 20 23 23 16 10 15 18 0 15 21 27 25 27 21 10 8 15 21 28 34 35 34 26 13 30 32 29 9 38 44 30 11 3 13 23 11 22 45 52 49 43 35 30 25 20 18 16 17 17 18 19 21 27 23 9 11 23 25 20 4
43 62 51 31 22 16 15 12 9 9 9 8 7 9 10 8 7 6 7 8 9 5 9 11 7 13 11 12 21 21 10 2 6 3 12 28 27 10 20 20 10 8 18 5 24 23 29 30 17 7 10 19 21 22 31 35 31 30 32 11 26 31 34 7 21 33 32 17 7 10 11 11 35 39 35 34 45 46 38 31 26 22 22 22 21 18 16 11 6 6 12 16 20 24 13 21
51 49 50 29 18 18 17 13 10 9 9 8 7 8 10 9 7 9 13 15 10 3 8 4 8 15 6 18 19 18 17 9 8 7 5 21 32 23 11 23 17 7 23 22 35 30 30 26 3 16 28 30 26 22 30 24 15 27 24 14 29 34 29 1 24 27 27 18 12 10 4 19 30 28 24 17 20 38 49 45 37 26 20 18 18 18 14 9 15 19 16 16 21 22 7 40
23 28 28 27 29 25 21 17 15 12 9 9 8 7 9 10 6 2 9 17 8 5 6 0 7 13 5 19 19 7 18 16 12 10 3 14 27 32 17 16 27 18 11 26 35 28 22 10 18 36 42 39 34 27 24 12 18 29 12 21 32 34 19 15 30 26 21 14 11 10 5 16 23 23 26 28 25 18 33 47 48 33 22 17 15 17 20 18 16 16 18 19 21 15 17 37
56 45 43 43 37 30 23 19 18 16 14 12 10 6 7 9 7 9 15 12 3 7 6 5 6 12 4 16 19 7 16 22 18 14 7 10 22 30 28 4 27 30 21 12 16 19 14 3 31 41 36 36 37 33 23 8 22 18 22 30 34 28 6 23 30 19 10 19 21 16 8 11 18 18 22 27 30 27 17 24 50 41 26 19 19 20 20 17 13 10 10 11 12 5 16 28
53 34 18 22 30 26 18 14 12 11 12 12 11 9 10 12 11 10 8 4 6 7 5 6 8 13 3 15 19 16 16 24 26 20 11 6 17 25 30 15 18 32 29 20 20 26 18 9 35 42 32 27 36 40 33 25 26 19 34 38 31 9 18 26 25 12 21 33 39 30 16 8 14 18 22 28 29 26 23 3 41 50 34 25 22 19 19 19 17 14 12 14 13 12 7 16
59 50 43 34 27 17 9 13 14 13 13 12 12 12 10 9 7 5 7 7 8 6 3 4 10 13 3 18 20 19 16 17 30 26 16 3 13 22 28 26 3 31 33 22 18 29 23 9 37 42 32 20 21 32 36 33 28 20 37 31 17 18 28 22 14 6 27 30 42 44 26 14 8 17 22 28 29 24 21 15 25 55 43 29 24 22 21 22 18 14 14 17 13 14 16 13
64 31 17 30 42 47 43 34 27 21 17 14 14 12 9 6 8 10 8 6 7 5 4 5 10 11 6 21 20 17 17 10 28 31 21 7 7 18 24 28 15 18 33 23 19 28 25 5 34 38 33 30 23 6 25 35 29 21 31 13 23 29 24 14 5 18 32 31 33 51 36 23 12 11 22 28 30 25 26 29 4 50 51 32 24 20 21 22 18 10 9 15 6 11 13 11
39 34 50 58 60 61 55 43 32 24 19 17 16 12 7 8 9 9 7 5 5 5 6 8 13 10 7 22 20 15 15 10 20 35 26 12 3 15 20 26 24 5 26 25 22 26 24 1 28 33 30 32 33 19 9 35 39 27 22 6 27 31 23 16 11 22 31 31 23 47 43 28 19 2 17 28 32 28 30 37 18 32 54 38 26 22 20 20 18 11 9 14 3 12 6 8
63 60 66 66 65 62 66 55 44 31 21 18 17 11 7 8 8 10 8 6 5 6 7 9 15 9 8 21 22 15 12 10 10 32 29 17 2 11 17 22 25 12 20 28 25 24 21 4 22 30 26 26 28 25 18 30 41 34 22 12 26 31 24 16 9 21 30 28 15 37 48 37 25 12 11 25 31 30 30 36 34 6 46 46 32 26 17 16 21 19 12 12 11 10 7 9
70 72 78 74 68 62 73 67 55 39 25 20 16 11 9 9 9 11 11 8 3 3 8 12 13 6 8 18 21 18 11 5 10 22 27 19 5 8 13 16 23 18 18 32 31 26 15 1 14 30 32 26 28 31 27 18 31 36 27 20 28 30 23 14 17 24 31 23 7 15 42 50 36 21 7 16 23 29 32 34 37 21 28 50 38 27 21 19 23 24 17 16 14 8 8 7
68 74 73 64 56 59 75 75 64 46 29 21 14 9 9 10 9 9 9 8 7 9 12 11 6 6 9 17 19 18 12 2 13 19 23 17 6 5 9 9 19 24 24 38 33 15 5 14 10 19 36 34 34 35 28 15 8 27 27 21 27 28 21 27 34 31 23 9 16 16 14 50 52 31 10 10 19 24 30 32 34 31 5 44 47 34 27 22 24 24 20 18 15 7 5 1
67 49 18 27 42 36 54 74 70 51 32 21 13 8 10 9 8 9 11 12 7 5 7 6 4 6 13 17 15 13 11 6 18 19 17 8 12 6 6 11 18 26 31 35 15 12 20 20 19 11 20 36 38 34 31 28 21 8 28 29 25 24 32 41 36 22 2 18 25 27 18 29 60 44 18 8 17 21 27 31 31 33 19 22 46 39 29 25 25 23 21 19 17 9 5 3
48 38 59 77 77 63 43 64 71 54 33 17 10 14 14 12 12 13 14 13 10 10 10 9 6 4 11 14 9 8 10 9 17 19 5 15 21 21 7 8 11 19 21 5 21 28 22 19 19 20 6 32 36 31 31 32 31 11 22 36 34 36 37 27 15 20 23 24 23 23 29 7 54 56 28 6 13 18 25 30 32 34 32 8 25 41 39 30 26 21 15 19 19 11 14 14
66 91 82 75 72 60 53 63 70 52 28 10 14 20 18 17 17 18 19 17 14 11 10 9 7 3 9 14 8 3 7 9 13 16 6 23 19 30 23 12 10 9 3 24 35 32 26 20 15 20 12 21 31 28 31 34 33 25 14 35 32 21 13 16 27 28 21 19 17 21 33 11 43 60 35 10 7 16 23 27 31 33 33 27 8 23 44 37 28 24 16 18 18 16 18 18
92 105 66 48 46 41 63 70 57 33 18 23 26 21 19 18 19 20 19 16 14 12 10 10 10 10 4 12 11 0 4 7 10 10 10 24 12 27 31 20 16 16 9 31 30 25 30 25 16 20 19 8 22 28 27 30 35 36 18 27 29 20 25 32 32 26 18 19 19 18 36 23 33 55 38 16 7 14 21 25 28 28 31 33 30 7 34 43 34 30 21 16 12 5 1 4
80 71 38 46 62 49 21 15 22 35 45 41 31 23 20 17 19 22 20 16 14 13 12 12 12 13 12 6 13 2 6 4 6 4 12 23 14 19 34 27 20 17 3 30 34 19 22 29 24 21 23 20 17 32 31 33 41 40 17 34 45 31 31 33 32 30 26 24 21 14 33 32 18 44 46 23 9 10 19 26 26 25 23 27 35 23 19 41 35 28 23 20 16 16 18 15
50 56 70 58 63 56 55 62 50 53 60 53 34 25 23 17 16 19 20 16 13 13 14 13 11 10 12 3 10 4 4 5 6 3 11 20 19 9 29 34 26 21 7 22 40 32 13 21 29 26 22 21 10 29 37 37 40 35 11 34 52 36 24 23 26 23 16 16 16 14 26 33 17 31 57 31 9 9 17 24 25 24 24 25 34 29 17 45 42 26 20 24 23 16 15 18
73 72 56 63 66 42 55 59 47 50 54 64 49 28 21 17 17 20 19 13 10 10 11 10 7 6 10 4 7 4 1 5 6 2 8 16 21 13 12 34 32 25 18 8 36 40 25 8 26 28 21 19 9 23 40 41 36 26 16 19 44 45 38 33 23 17 18 18 15 11 15 31 34 12 56 44 14 6 14 19 24 30 27 26 33 31 45 57 47 34 28 23 21 16 10 12
54 61 68 70 80 73 61 66 64 59 52 65 66 40 22 17 19 21 17 12 8 5 8 9 7 7 8 4 4 5 1 3 6 3 7 10 16 18 4 22 35 31 25 8 27 35 32 20 12 28 25 21 10 28 44 36 25 27 32 22 19 41 41 38 31 19 12 13 19 22 12 20 39 12 46 46 22 3 12 17 25 33 30 32 35 36 51 48 39 32 28 21 19 17 14 10
11 43 78 79 80 78 70 73 78 71 53 60 74 55 34 21 18 19 16 11 9 8 9 9 7 5 6 5 2 6 6 2 4 3 7 8 11 14 12 10 31 39 32 11 20 25 28 33 16 16 29 25 13 32 46 21 11 31 37 36 14 29 38 33 33 29 21 18 16 19 20 10 35 25 39 40 22 7 7 13 23 30 29 33 34 40 47 39 33 28 19 13 12 15 13 11
38 8 53 76 74 63 53 51 46 25 17 41 59 61 48 26 19 20 17 11 10 9 6 6 6 5 6 6 2 3 5 5 5 4 7 7 11 14 15 10 20 41 41 18 10 21 23 33 33 6 22 28 16 26 41 12 23 25 29 36 26 29 41 33 36 35 23 21 23 20 20 10 28 30 35 33 19 9 3 8 18 27 28 29 26 38 39 30 25 20 11 10 3 16 16 11
54 47 10 34 52 47 34 37 53 64 69 63 53 61 56 33 23 19 13 9 8 8 6 6 6 6 7 6 2 1 1 3 6 8 11 13 18 22 20 18 5 33 46 29 1 15 21 30 37 27 3 24 16 13 34 23 25 26 22 37 26 37 50 40 31 33 29 22 19 17 15 13 18 26 27 25 13 6 3 4 11 22 29 34 34 39 30 21 17 14 11 16 7 10 17 15
53 57 46 5 57 76 69 77 83 81 77 74 68 63 52 30 15 9 9 11 10 10 9 8 7 7 8 5 1 2 1 5 6 7 10 11 16 25 28 30 23 15 44 36 12 7 16 24 33 39 19 14 17 3 24 32 21 32 18 38 27 37 50 37 31 35 36 25 20 18 15 12 10 14 16 14 6 3 3 2 3 9 21 32 36 32 21 15 13 12 11 18 19 17 13 14
55 57 59 16 59 84 76 63 59 57 46 37 41 42 32 16 12 19 20 20 21 21 19 15 10 9 8 5 1 2 0 6 8 5 7 9 11 18 26 33 35 8 37 43 21 6 12 19 25 36 33 9 16 12 14 31 23 32 17 36 33 35 48 38 34 40 35 18 8 4 4 5 6 6 6 6 7 7 7 6 6 2 5 14 18 16 13 12 11 11 11 16 20 21 18 14
42 58 65 27 48 80 85 75 47 23 27 39 36 23 11 18 27 31 31 31 29 27 26 21 15 12 10 5 1 1 1 6 8 7 6 9 11 14 19 26 38 23 25 46 31 12 9 17 22 30 36 23 6 21 14 18 25 28 22 30 37 43 52 44 32 26 8 13 22 24 21 18 21 25 22 17 17 15 13 12 11 9 8 8 6 3 4 6 7 7 7 11 14 15 17 17
27 42 65 41 36 78 83 74 45 35 46 57 67 38 30 44 42 35 37 41 38 31 30 26 20 16 12 7 3 1 2 5 6 9 8 8 11 13 16 24 38 34 11 41 39 19 5 13 20 25 32 35 12 23 26 8 16 24 24 25 37 44 42 25 9 15 26 31 32 34 33 29 23 19 18 20 29 29 20 15 14 13 12 16 21 20 13 6 2 2 3 3 4 6 7 9
38 27 43 46 20 79 81 61 46 52 46 47 79 42 44 57 56 41 29 31 38 38 35 28 23 18 13 10 7 3 3 5 7 9 10 7 6 9 15 24 37 39 15 29 42 27 8 8 15 21 26 38 36 3 33 25 10 10 18 17 16 8 17 31 37 42 37 25 24 29 31 25 12 16 8 27 33 41 31 19 15 14 11 12 22 32 30 17 7 7 8 9 7 6 6 7
24 38 38 44 15 76 75 56 57 59 49 49 83 40 55 56 54 53 24 10 21 32 35 29 23 19 15 13 11 8 6 6 7 9 10 9 6 5 10 19 33 41 27 17 36 34 14 4 11 18 21 30 44 26 20 38 25 15 23 22 16 35 49 51 45 38 32 22 23 23 28 28 23 17 14 34 29 39 45 33 20 14 11 7 14 15 31 22 7 7 9 11 11 11 10 10
29 21 31 39 25 71 70 61 62 54 46 57 75 31 61 59 43 63 44 22 23 27 31 27 22 18 15 14 13 10 9 8 9 12 12 11 9 7 4 9 25 37 31 17 20 37 23 5 7 13 17 22 37 44 8 31 28 15 26 22 23 39 40 45 46 36 29 23 26 20 26 32 30 23 13 30 29 28 49 46 30 19 13 7 9 7 26 17 12 14 14 14 13 12 9 9
32 28 30 37 35 73 82 77 62 51 61 70 60 33 68 68 49 72 68 44 27 22 22 22 20 16 13 13 13 11 9 6 5 9 12 11 11 9 7 4 18 30 31 21 4 35 34 11 6 11 15 20 29 46 32 14 26 15 27 20 23 39 30 27 39 43 37 25 25 19 24 31 29 22 10 30 36 22 39 50 39 26 16 8 2 14 15 14 27 25 21 19 17 16 14 12
30 31 41 52 42 63 75 76 70 65 77 84 64 53 68 71 46 76 80 57 35 22 19 23 23 19 14 12 12 11 9 7 5 9 12 10 10 10 10 5 10 21 30 29 6 28 39 20 3 9 12 17 22 37 41 7 26 23 25 18 19 40 36 25 13 31 44 35 26 18 24 28 23 20 14 31 38 21 26 47 44 29 17 11 11 10 7 30 35 35 29 25 22 20 18 15
44 51 63 76 56 56 57 61 76 82 90 99 93 72 61 61 24 77 80 57 39 32 27 29 29 22 17 14 11 11 10 8 5 10 14 10 10 11 10 7 3 14 31 36 14 22 37 26 6 9 12 15 20 30 44 23 26 31 24 13 14 34 38 39 29 3 25 39 31 24 32 25 20 26 18 24 38 25 20 44 45 30 19 13 13 9 15 30 25 32 41 38 30 22 18 15
66 75 80 60 14 22 14 24 56 85 99 106 106 92 73 50 31 80 65 57 66 54 33 28 28 20 18 17 14 12 11 8 6 11 14 11 11 11 10 8 4 10 26 39 27 17 27 29 15 7 13 15 19 27 41 31 20 33 22 9 11 24 34 41 41 35 20 14 29 32 30 27 27 27 20 20 39 28 17 45 43 31 20 14 12 7 12 26 25 16 29 42 40 29 21 17
80 80 50 8 50 56 37 21 8 47 82 95 96 93 85 56 56 69 70 67 62 57 39 29 23 19 19 18 16 13 11 9 7 11 13 11 12 12 9 8 5 6 18 32 33 24 13 22 26 7 11 13 16 24 34 35 11 33 22 8 10 17 27 35 36 39 44 20 22 37 32 29 24 23 21 26 33 25 18 46 41 32 23 14 11 6 7 21 31 33 18 15 37 37 29 22
87 63 18 59 61 50 45 42 31 11 24 63 90 97 85 76 78 66 57 57 61 55 40 28 23 23 23 22 18 14 11 11 9 11 12 10 13 12 9 7 6 3 10 22 29 29 23 11 27 16 4 11 14 21 30 39 12 29 23 12 10 15 21 27 27 32 42 32 10 39 42 31 26 24 29 26 16 17 13 39 41 36 26 15 11 7 5 15 26 37 38 19 13 34 33 24
77 25 55 68 54 39 47 45 36 33 22 9 41 67 77 81 73 55 67 75 50 43 39 33 33 31 27 25 21 17 13 12 12 12 10 9 13 12 8 8 9 6 4 12 18 21 24 20 16 21 5 9 13 17 25 38 22 21 28 17 11 14 17 24 29 33 34 35 26 12 35 36 30 32 27 15 7 21 30 38 40 37 26 15 11 7 5 7 17 28 32 33 13 28 36 29
46 29 71 66 59 31 47 47 37 34 33 31 24 0 49 86 80 67 63 71 74 67 50 28 29 34 30 25 22 20 15 13 14 12 10 10 12 10 7 8 9 10 6 3 8 13 18 21 10 17 13 5 11 13 21 34 32 13 33 22 11 13 18 27 32 32 32 38 43 24 14 35 34 26 21 24 21 24 33 35 33 26 21 18 14 9 7 5 11 24 26 33 26 33 41 32
