data/dogrib_c1/elevation.asc
ncols 100
nrows 100
xllcorner 457900
yllcorner 5716800
cellsize 100
NODATA_value -9999
[rows 38 to 75 of 100, columns 0 to 83 of 100]
1914 1923 1932 1942 1961 1990 2024 2067 2104 2114 2116 2121 2126 2133 2145 2163 2194 2230 2238 2217 2212 2210 2202 2205 2201 2172 2139 2117 2093 2058 2023 1994 1972 1947 1923 1905 1893 1893 1893 1893 1889 1882 1871 1855 1840 1830 1820 1802 1773 1760 1779 1794 1802 1810 1820 1832 1842 1855 1867 1879 1892 1902 1906 1893 1860 1843 1876 1928 1973 2011 2051 2087 2122 2159 2192 2224 2237 2230 2227 2215 2195 2150 2112 2076
1930 1941 1951 1953 1958 1974 1995 2022 2043 2063 2080 2094 2112 2127 2142 2164 2198 2230 2231 2203 2193 2193 2186 2180 2155 2118 2089 2066 2039 2010 1985 1960 1943 1931 1918 1915 1917 1917 1913 1907 1899 1888 1874 1858 1845 1832 1820 1803 1774 1755 1771 1791 1796 1804 1814 1825 1834 1846 1859 1869 1884 1893 1884 1846 1827 1874 1933 1982 2025 2066 2101 2132 2168 2197 2224 2257 2254 2213 2189 2177 2162 2116 2065 2031
1951 1966 1976 1980 1982 1986 1999 2021 2046 2066 2080 2095 2113 2132 2147 2173 2208 2233 2224 2191 2178 2177 2169 2155 2119 2079 2055 2036 2013 1994 1978 1962 1951 1944 1944 1945 1946 1942 1932 1917 1904 1891 1876 1860 1847 1836 1822 1804 1776 1752 1762 1782 1791 1798 1808 1818 1826 1835 1849 1861 1877 1874 1842 1830 1861 1916 1964 2002 2043 2083 2117 2147 2179 2207 2232 2251 2231 2187 2159 2137 2123 2092 2028 1980
1967 1982 1999 2011 2017 2027 2048 2077 2103 2106 2108 2120 2128 2140 2156 2185 2218 2243 2232 2192 2168 2157 2151 2128 2087 2056 2042 2033 2024 2014 1997 1983 1976 1975 1978 1979 1970 1959 1942 1921 1905 1891 1876 1860 1846 1833 1817 1802 1780 1755 1750 1770 1787 1792 1800 1811 1819 1827 1841 1855 1864 1837 1810 1844 1886 1923 1962 2001 2039 2078 2112 2142 2174 2202 2223 2225 2196 2158 2129 2102 2080 2062 2013 1949
1977 1993 2011 2026 2043 2073 2107 2133 2143 2134 2137 2147 2147 2153 2167 2193 2225 2250 2244 2204 2167 2146 2131 2103 2072 2064 2065 2068 2062 2044 2025 2012 2009 2012 2011 2001 1984 1965 1945 1923 1908 1896 1880 1861 1845 1831 1819 1803 1780 1753 1741 1762 1785 1787 1793 1802 1810 1820 1832 1835 1824 1816 1836 1870 1896 1927 1962 1996 2032 2067 2101 2133 2164 2192 2210 2204 2167 2120 2084 2065 2054 2029 1961 1944
1979 1996 2013 2033 2057 2092 2128 2149 2156 2160 2165 2167 2166 2169 2182 2209 2239 2262 2260 2225 2186 2159 2132 2109 2100 2101 2100 2098 2091 2076 2061 2050 2045 2040 2033 2015 1990 1966 1949 1931 1916 1906 1887 1866 1848 1836 1823 1808 1786 1755 1738 1755 1777 1782 1786 1794 1803 1809 1810 1802 1802 1830 1861 1877 1899 1929 1955 1984 2019 2055 2089 2122 2151 2178 2194 2182 2145 2095 2041 2006 2026 1983 1916 1962
1969 1986 2008 2030 2061 2100 2131 2148 2163 2182 2188 2185 2185 2188 2206 2235 2267 2290 2282 2248 2211 2177 2155 2141 2134 2133 2131 2130 2126 2114 2097 2082 2071 2061 2038 2011 1996 1983 1963 1940 1925 1914 1894 1871 1854 1839 1823 1807 1791 1763 1739 1744 1765 1777 1780 1788 1796 1793 1787 1801 1831 1851 1861 1878 1902 1927 1948 1973 2003 2040 2077 2109 2138 2165 2178 2156 2116 2075 2020 1970 1973 1935 1910 1972
1949 1973 1997 2017 2053 2102 2140 2158 2173 2194 2208 2206 2201 2206 2227 2259 2299 2316 2296 2261 2225 2199 2177 2159 2152 2152 2153 2148 2143 2137 2126 2106 2083 2062 2038 2025 2017 1998 1974 1947 1929 1917 1897 1874 1856 1840 1824 1808 1792 1770 1741 1738 1761 1773 1777 1788 1784 1785 1799 1817 1837 1849 1860 1875 1897 1919 1940 1964 1993 2029 2064 2095 2126 2151 2157 2115 2068 2042 2005 1949 1901 1898 1937 1992
1945 1958 1976 2001 2036 2087 2142 2172 2183 2201 2223 2223 2215 2217 2235 2266 2299 2302 2281 2258 2233 2216 2200 2184 2174 2168 2165 2158 2152 2148 2141 2121 2091 2065 2058 2051 2031 2006 1980 1950 1930 1916 1897 1875 1856 1842 1828 1810 1795 1767 1736 1734 1755 1768 1779 1780 1770 1785 1804 1814 1827 1841 1858 1873 1892 1914 1933 1956 1985 2018 2052 2085 2117 2138 2132 2087 2015 1985 1976 1904 1881 1932 1986 2040
1944 1946 1957 1985 2013 2055 2113 2161 2189 2211 2221 2218 2216 2217 2227 2249 2269 2268 2251 2232 2218 2211 2202 2198 2193 2181 2173 2164 2156 2150 2141 2127 2105 2085 2078 2065 2039 2011 1983 1951 1930 1915 1896 1877 1858 1844 1830 1812 1796 1768 1735 1729 1748 1767 1770 1760 1766 1783 1795 1805 1820 1837 1855 1871 1888 1909 1928 1949 1976 2007 2040 2073 2106 2126 2100 2041 1986 1941 1906 1870 1898 1968 2030 2080
1931 1940 1942 1957 1990 2028 2075 2126 2169 2200 2209 2207 2206 2208 2215 2226 2237 2242 2231 2212 2196 2189 2183 2189 2198 2189 2176 2166 2157 2151 2144 2137 2126 2109 2089 2072 2046 2014 1985 1954 1929 1913 1897 1880 1861 1847 1831 1814 1796 1770 1737 1723 1745 1766 1756 1759 1770 1778 1788 1800 1817 1835 1849 1867 1884 1902 1922 1943 1970 1998 2027 2060 2096 2115 2082 2022 1964 1905 1868 1890 1947 2004 2055 2057
1914 1930 1938 1942 1964 1995 2034 2082 2120 2159 2190 2197 2193 2196 2203 2207 2211 2216 2210 2196 2181 2169 2166 2174 2188 2193 2182 2170 2161 2154 2147 2141 2134 2123 2099 2076 2050 2018 1988 1957 1930 1912 1897 1880 1862 1849 1830 1812 1795 1769 1736 1720 1743 1749 1755 1763 1764 1771 1782 1796 1814 1832 1846 1863 1880 1896 1914 1936 1965 1992 2019 2049 2091 2090 2037 1995 1947 1866 1859 1921 1980 2021 2027 1993
1903 1920 1933 1938 1943 1961 1993 2033 2064 2099 2144 2174 2181 2184 2189 2192 2196 2196 2188 2175 2163 2147 2150 2166 2184 2199 2192 2177 2167 2157 2149 2142 2133 2122 2100 2078 2053 2020 1990 1959 1932 1912 1894 1876 1862 1847 1827 1810 1794 1771 1735 1720 1730 1741 1757 1760 1758 1764 1774 1789 1808 1826 1840 1856 1875 1890 1906 1928 1956 1983 2011 2040 2080 2075 2014 1945 1907 1846 1870 1937 1984 1999 1976 1909
1889 1907 1924 1938 1938 1947 1975 2008 2022 2057 2091 2128 2161 2172 2176 2180 2183 2183 2174 2158 2144 2126 2136 2163 2185 2193 2196 2184 2170 2157 2150 2140 2127 2114 2097 2075 2046 2016 1987 1959 1933 1908 1887 1872 1859 1842 1825 1810 1793 1770 1736 1718 1722 1748 1754 1751 1753 1757 1765 1780 1799 1817 1835 1850 1868 1883 1899 1920 1947 1973 2001 2029 2061 2080 2015 1934 1861 1841 1886 1941 1974 1956 1894 1860
1876 1894 1907 1925 1935 1940 1967 2003 2008 2020 2045 2082 2130 2153 2158 2163 2168 2168 2163 2150 2132 2113 2132 2157 2170 2174 2180 2177 2164 2148 2141 2135 2114 2099 2082 2057 2028 2004 1972 1952 1930 1902 1879 1866 1855 1836 1822 1807 1792 1774 1741 1716 1720 1738 1745 1746 1748 1754 1759 1772 1788 1807 1828 1844 1858 1875 1893 1912 1938 1963 1988 2015 2043 2057 2005 1940 1858 1829 1882 1939 1927 1869 1831 1871
1859 1873 1889 1905 1925 1936 1956 1987 2003 1994 2019 2041 2085 2126 2136 2142 2141 2142 2145 2142 2130 2102 2123 2144 2147 2152 2162 2162 2147 2136 2128 2121 2099 2081 2056 2029 1998 1967 1944 1933 1917 1893 1876 1864 1846 1829 1815 1804 1790 1778 1754 1724 1711 1716 1730 1743 1746 1751 1756 1765 1780 1798 1819 1836 1851 1869 1885 1904 1930 1954 1975 1996 2021 2027 1973 1914 1858 1825 1887 1889 1832 1822 1838 1898
1845 1856 1872 1891 1902 1925 1944 1961 1980 1985 2005 2012 2044 2093 2112 2112 2106 2115 2124 2131 2128 2099 2106 2130 2129 2131 2142 2146 2132 2122 2114 2107 2090 2060 2033 2006 1977 1959 1946 1930 1914 1893 1875 1861 1848 1833 1819 1805 1790 1776 1764 1742 1720 1706 1709 1735 1746 1749 1753 1761 1773 1790 1809 1827 1839 1856 1872 1893 1923 1943 1960 1977 1995 1990 1941 1888 1820 1835 1836 1804 1814 1861 1893 1925
1829 1847 1858 1876 1884 1899 1916 1939 1956 1973 1986 1994 2008 2051 2096 2082 2068 2082 2099 2109 2102 2082 2088 2117 2105 2101 2116 2123 2117 2110 2100 2090 2076 2044 2024 2000 1980 1970 1965 1944 1921 1897 1874 1859 1851 1836 1822 1805 1789 1776 1769 1757 1737 1714 1701 1719 1741 1747 1751 1758 1767 1780 1798 1815 1830 1844 1860 1882 1910 1925 1940 1953 1960 1948 1901 1862 1830 1795 1804 1836 1869 1915 1962 1985
1802 1818 1843 1863 1872 1881 1891 1908 1931 1957 1969 1980 1989 2020 2080 2079 2022 2025 2043 2044 2046 2056 2086 2099 2077 2070 2085 2097 2098 2094 2088 2081 2071 2057 2034 2016 2003 1994 1977 1949 1922 1897 1874 1860 1852 1839 1825 1806 1789 1778 1769 1761 1750 1726 1706 1703 1725 1748 1753 1757 1759 1768 1787 1805 1821 1833 1849 1871 1891 1902 1913 1917 1914 1895 1854 1813 1780 1798 1849 1892 1927 1969 2017 2056
1757 1804 1833 1858 1866 1874 1879 1889 1906 1929 1949 1964 1977 2001 2040 2042 1985 1966 1974 1993 2031 2087 2100 2087 2071 2051 2057 2067 2070 2071 2075 2076 2072 2066 2057 2038 2024 2010 1983 1948 1919 1894 1874 1865 1852 1838 1823 1804 1788 1776 1764 1759 1755 1741 1721 1704 1706 1743 1756 1757 1755 1762 1777 1798 1812 1822 1836 1853 1866 1873 1875 1866 1855 1837 1794 1774 1795 1834 1877 1910 1954 2001 2048 2094
1746 1779 1813 1839 1858 1864 1866 1867 1886 1897 1919 1936 1954 1973 1985 1963 1942 1932 1957 2016 2066 2096 2098 2079 2063 2037 2029 2039 2044 2053 2063 2070 2070 2067 2065 2044 2025 2006 1977 1942 1912 1887 1870 1859 1844 1832 1817 1800 1785 1770 1759 1758 1755 1750 1739 1722 1697 1724 1753 1754 1755 1758 1768 1789 1803 1812 1823 1834 1841 1842 1833 1815 1800 1771 1768 1789 1830 1873 1908 1938 1977 2023 2071 2120
1746 1746 1786 1814 1839 1859 1859 1860 1866 1872 1889 1907 1926 1943 1936 1912 1901 1923 1974 2036 2069 2083 2089 2072 2053 2026 2007 2013 2021 2037 2048 2056 2057 2054 2045 2031 2013 1990 1961 1928 1894 1872 1857 1844 1831 1823 1814 1799 1782 1765 1757 1758 1754 1752 1747 1732 1697 1707 1739 1748 1752 1754 1760 1780 1792 1800 1808 1813 1812 1805 1788 1755 1757 1776 1801 1830 1869 1913 1951 1986 2023 2058 2088 2113
1764 1742 1745 1775 1810 1831 1846 1858 1858 1857 1873 1895 1908 1908 1895 1888 1886 1916 1971 2028 2064 2076 2083 2067 2049 2027 2006 1988 2003 2017 2026 2037 2043 2037 2035 2018 1989 1962 1938 1898 1876 1857 1848 1832 1821 1817 1809 1800 1782 1763 1757 1756 1754 1751 1746 1731 1700 1695 1730 1741 1747 1753 1759 1772 1786 1788 1791 1786 1772 1750 1745 1758 1775 1786 1836 1870 1904 1944 1985 2029 2044 2052 2063 2059
1792 1762 1738 1743 1771 1800 1834 1848 1846 1846 1864 1876 1885 1874 1866 1870 1881 1909 1957 2001 2036 2046 2068 2067 2049 2029 2005 1968 1971 1985 2001 2020 2004 2015 2019 1997 1946 1919 1902 1874 1860 1849 1836 1823 1814 1809 1801 1793 1779 1765 1758 1756 1753 1749 1745 1721 1702 1693 1739 1737 1742 1750 1758 1764 1776 1778 1774 1752 1733 1739 1764 1785 1811 1804 1816 1869 1907 1946 1977 1997 1997 2003 2006 1975
1808 1793 1754 1736 1743 1781 1806 1827 1831 1829 1843 1851 1858 1847 1846 1854 1869 1889 1922 1959 1987 1999 2016 2053 2055 2034 2008 1968 1929 1936 1962 1989 1999 1994 1962 1934 1903 1877 1862 1852 1840 1831 1821 1812 1806 1802 1795 1786 1775 1764 1757 1753 1751 1748 1744 1716 1692 1699 1732 1734 1736 1744 1754 1760 1771 1766 1739 1729 1746 1772 1800 1831 1865 1844 1810 1829 1886 1904 1915 1916 1921 1920 1937 1973
1814 1805 1775 1729 1732 1746 1773 1795 1818 1811 1827 1830 1831 1828 1830 1839 1846 1859 1880 1907 1921 1930 1952 1993 2033 2024 2008 1980 1925 1877 1916 1955 1955 1936 1918 1883 1858 1860 1837 1828 1817 1812 1806 1800 1796 1793 1787 1779 1770 1757 1752 1748 1749 1750 1744 1716 1684 1701 1727 1733 1731 1736 1744 1755 1767 1738 1723 1746 1781 1811 1832 1853 1875 1875 1862 1845 1841 1858 1871 1887 1908 1920 1967 1998
1821 1808 1795 1760 1732 1726 1734 1765 1785 1794 1809 1810 1812 1815 1820 1825 1829 1839 1854 1868 1872 1873 1895 1929 1957 1962 1965 1967 1933 1880 1839 1877 1886 1869 1850 1834 1823 1824 1815 1803 1795 1792 1790 1787 1784 1781 1776 1770 1764 1751 1748 1743 1744 1749 1747 1705 1682 1695 1716 1723 1731 1730 1737 1751 1753 1719 1734 1766 1798 1820 1838 1858 1881 1900 1914 1901 1889 1899 1914 1934 1960 1978 1989 2033
1826 1812 1800 1785 1753 1742 1726 1728 1756 1766 1793 1792 1805 1806 1812 1814 1816 1824 1830 1839 1856 1857 1857 1876 1889 1888 1882 1882 1874 1847 1806 1818 1818 1806 1799 1796 1794 1797 1792 1781 1778 1776 1774 1773 1772 1769 1765 1764 1758 1745 1740 1733 1733 1739 1743 1708 1676 1686 1700 1704 1727 1728 1732 1740 1721 1721 1748 1777 1799 1812 1831 1856 1882 1908 1931 1948 1957 1971 1982 2000 2023 2033 2013 2074
1832 1821 1806 1798 1785 1763 1738 1723 1721 1728 1770 1787 1783 1802 1805 1805 1806 1813 1809 1810 1825 1842 1842 1828 1820 1817 1816 1810 1803 1797 1778 1780 1780 1776 1771 1771 1770 1770 1770 1765 1760 1763 1759 1758 1758 1756 1756 1756 1753 1739 1731 1724 1720 1725 1733 1727 1680 1677 1693 1698 1711 1728 1723 1713 1705 1733 1755 1775 1795 1805 1827 1853 1878 1905 1930 1955 1980 2008 2030 2054 2078 2092 2079 2103
1834 1825 1812 1800 1796 1786 1775 1752 1724 1717 1736 1767 1783 1795 1795 1795 1795 1799 1793 1787 1792 1808 1811 1789 1776 1773 1770 1766 1763 1763 1762 1761 1759 1757 1754 1754 1751 1750 1751 1750 1749 1748 1746 1744 1743 1744 1744 1743 1741 1734 1725 1715 1711 1713 1717 1716 1702 1670 1686 1693 1699 1724 1707 1690 1706 1736 1752 1767 1782 1801 1823 1845 1868 1895 1923 1940 1968 2000 2033 2069 2102 2131 2150 2164
1833 1825 1813 1799 1795 1788 1779 1748 1716 1708 1740 1771 1789 1784 1780 1780 1781 1779 1771 1766 1766 1770 1765 1756 1750 1748 1746 1744 1741 1744 1749 1748 1746 1741 1739 1740 1740 1742 1743 1743 1743 1740 1738 1737 1736 1735 1734 1734 1733 1730 1719 1708 1704 1702 1700 1699 1698 1669 1680 1690 1700 1707 1697 1699 1716 1733 1746 1758 1770 1788 1811 1834 1855 1880 1906 1925 1953 1987 2024 2063 2097 2128 2162 2192
1831 1821 1809 1797 1793 1786 1775 1750 1707 1697 1736 1772 1775 1774 1770 1767 1768 1764 1755 1746 1746 1745 1740 1736 1734 1732 1730 1728 1729 1732 1734 1733 1730 1731 1731 1731 1732 1733 1732 1733 1733 1732 1734 1736 1733 1732 1731 1731 1731 1725 1715 1706 1700 1693 1686 1687 1683 1669 1675 1689 1701 1689 1689 1706 1715 1724 1732 1744 1761 1775 1798 1821 1842 1862 1885 1914 1942 1971 2005 2038 2070 2102 2138 2175
1829 1815 1804 1798 1792 1785 1775 1766 1737 1692 1705 1744 1759 1760 1761 1758 1750 1743 1736 1728 1727 1726 1725 1723 1721 1720 1719 1720 1721 1721 1721 1722 1719 1717 1718 1722 1722 1721 1719 1720 1721 1722 1723 1725 1726 1726 1729 1727 1725 1721 1717 1715 1702 1692 1683 1685 1685 1664 1675 1688 1687 1677 1697 1705 1708 1712 1717 1724 1738 1760 1786 1808 1828 1851 1879 1906 1925 1948 1978 2000 2036 2077 2118 2160
1818 1809 1802 1791 1787 1781 1773 1767 1752 1709 1691 1715 1748 1742 1740 1737 1730 1722 1715 1713 1712 1710 1709 1708 1707 1706 1707 1708 1708 1708 1708 1710 1710 1710 1713 1713 1711 1710 1709 1710 1712 1712 1712 1714 1716 1716 1715 1714 1714 1715 1714 1713 1702 1690 1680 1685 1682 1661 1671 1677 1673 1692 1699 1700 1700 1703 1707 1711 1721 1742 1766 1792 1816 1838 1864 1885 1896 1913 1938 1974 2018 2064 2106 2148
1816 1807 1798 1788 1779 1771 1765 1759 1751 1733 1699 1697 1741 1726 1720 1717 1714 1709 1704 1705 1702 1699 1694 1693 1695 1694 1693 1691 1692 1694 1697 1701 1703 1705 1706 1706 1706 1707 1707 1704 1706 1707 1707 1709 1711 1709 1706 1706 1703 1702 1699 1694 1691 1682 1678 1681 1670 1659 1663 1673 1688 1694 1695 1695 1695 1695 1700 1706 1712 1729 1753 1780 1806 1824 1839 1852 1873 1905 1935 1975 2017 2056 2091 2131
1795 1797 1792 1778 1771 1762 1756 1749 1742 1741 1717 1687 1726 1720 1709 1707 1704 1700 1697 1697 1693 1688 1685 1685 1685 1684 1683 1684 1684 1685 1685 1687 1690 1695 1695 1699 1701 1702 1702 1701 1702 1704 1703 1704 1704 1704 1705 1704 1700 1697 1694 1688 1684 1678 1676 1669 1656 1658 1670 1684 1689 1688 1690 1691 1690 1687 1687 1695 1706 1720 1738 1761 1790 1808 1817 1831 1864 1900 1928 1959 1996 2032 2068 2110
1803 1789 1780 1774 1770 1761 1750 1741 1735 1729 1723 1696 1696 1722 1705 1701 1697 1692 1690 1686 1683 1679 1678 1678 1677 1676 1677 1677 1677 1678 1677 1678 1678 1681 1686 1689 1690 1690 1693 1694 1696 1696 1696 1699 1701 1700 1699 1697 1699 1700 1699 1696 1688 1684 1671 1655 1654 1661 1676 1682 1681 1683 1685 1686 1685 1683 1684 1686 1698 1712 1724 1743 1765 1784 1800 1819 1845 1877 1908 1937 1967 2002 2043 2087
1786 1779 1775 1775 1768 1760 1750 1739 1733 1723 1717 1705 1678 1690 1703 1690 1682 1690 1683 1678 1674 1672 1671 1670 1668 1667 1667 1669 1670 1671 1669 1670 1672 1675 1679 1681 1684 1686 1686 1688 1692 1693 1694 1695 1697 1698 1697 1697 1695 1694 1696 1694 1690 1685 1668 1648 1655 1665 1675 1678 1676 1678 1681 1681 1681 1680 1678 1678 1689 1702 1710 1726 1745 1766 1790 1810 1820 1845 1878 1905 1934 1980 2016 2042
