data/dogrib_c1/elevation.asc
ncols 100
nrows 100
xllcorner 457900
yllcorner 5716800
cellsize 100
NODATA_value -9999
[rows 0 to 37 of 100, columns 0 to 83 of 100]
2298 2287 2274 2254 2224 2195 2184 2202 2242 2272 2298 2327 2332 2291 2243 2202 2159 2132 2114 2118 2138 2144 2163 2198 2234 2259 2290 2335 2286 2212 2195 2178 2147 2123 2110 2128 2122 2109 2108 2116 2107 2071 2028 2013 2045 2077 2097 2085 2059 2037 2009 1968 1925 1900 1913 1985 2049 2127 2197 2241 2268 2294 2304 2291 2267 2253 2236 2219 2208 2172 2116 2094 2134 2151 2160 2174 2180 2127 2070 2045 2027 2024 2054 2094
2384 2372 2348 2321 2294 2264 2246 2266 2310 2346 2362 2377 2369 2333 2288 2234 2191 2164 2137 2140 2166 2188 2207 2231 2284 2323 2366 2363 2265 2210 2200 2179 2152 2128 2109 2101 2118 2117 2094 2078 2065 2042 2021 1998 1989 2020 2054 2062 2054 2051 2036 1999 1934 1892 1925 1993 2052 2125 2196 2233 2252 2268 2271 2246 2205 2189 2170 2143 2165 2128 2077 2091 2136 2181 2207 2215 2218 2203 2140 2113 2121 2144 2160 2144
2412 2414 2408 2385 2355 2331 2322 2336 2360 2377 2387 2389 2378 2360 2332 2286 2233 2196 2179 2188 2211 2241 2277 2312 2348 2379 2394 2364 2273 2202 2189 2171 2149 2127 2107 2086 2094 2113 2111 2098 2083 2071 2057 2030 1990 1968 1974 1999 2013 2019 2014 1984 1914 1879 1948 2021 2089 2150 2189 2209 2220 2223 2225 2200 2153 2134 2120 2097 2106 2075 2075 2125 2154 2185 2223 2246 2259 2275 2246 2192 2216 2239 2224 2157
2395 2399 2404 2403 2397 2383 2367 2363 2372 2380 2387 2386 2379 2369 2351 2324 2287 2258 2257 2264 2284 2314 2341 2364 2374 2372 2372 2338 2248 2187 2176 2161 2133 2118 2113 2091 2074 2086 2107 2112 2114 2116 2103 2073 2031 1987 1953 1941 1944 1957 1966 1952 1900 1878 1947 2020 2089 2143 2171 2179 2174 2169 2168 2149 2113 2096 2065 2033 2038 2056 2104 2157 2177 2195 2220 2248 2272 2298 2323 2314 2278 2240 2202 2136
2375 2379 2384 2390 2392 2391 2385 2373 2370 2374 2377 2378 2373 2366 2352 2335 2325 2318 2317 2323 2334 2345 2347 2346 2347 2351 2355 2313 2218 2162 2156 2147 2126 2116 2108 2101 2076 2064 2080 2099 2111 2124 2127 2107 2076 2038 1994 1954 1937 1923 1908 1900 1877 1878 1940 2011 2078 2122 2136 2133 2120 2110 2104 2098 2074 2041 2012 2002 2036 2063 2104 2160 2194 2206 2219 2243 2270 2297 2342 2341 2264 2203 2153 2095
2351 2355 2362 2370 2375 2380 2384 2376 2366 2363 2367 2369 2366 2360 2348 2334 2323 2321 2321 2320 2319 2319 2322 2328 2333 2339 2339 2285 2190 2152 2149 2132 2118 2113 2104 2096 2080 2060 2057 2069 2092 2109 2123 2122 2110 2086 2048 2014 1987 1955 1931 1910 1872 1875 1938 2005 2062 2084 2078 2072 2058 2051 2037 2018 2005 1972 1971 1991 1998 2022 2056 2097 2150 2197 2223 2240 2265 2293 2336 2330 2248 2177 2124 2066
2320 2326 2339 2351 2357 2365 2372 2370 2361 2356 2357 2359 2358 2352 2337 2326 2314 2304 2302 2301 2304 2306 2310 2316 2321 2326 2323 2277 2189 2146 2143 2125 2107 2099 2096 2089 2078 2053 2040 2050 2065 2085 2100 2108 2112 2109 2088 2045 2001 1975 1960 1930 1874 1877 1946 1998 2024 2025 2018 2016 2002 1990 1968 1943 1943 1961 1999 2026 2041 2030 2031 2063 2101 2160 2214 2240 2260 2287 2325 2346 2274 2178 2124 2073
2294 2301 2313 2326 2337 2349 2359 2361 2355 2350 2349 2350 2350 2342 2325 2312 2299 2291 2293 2293 2293 2296 2300 2304 2308 2314 2312 2273 2191 2138 2130 2118 2101 2090 2087 2078 2066 2054 2044 2031 2032 2053 2068 2077 2087 2096 2083 2034 1982 1949 1920 1879 1867 1905 1943 1958 1958 1953 1951 1946 1945 1931 1922 1943 1980 2020 2056 2084 2082 2071 2057 2054 2083 2127 2191 2237 2257 2280 2311 2360 2312 2207 2152 2109
2270 2278 2289 2302 2314 2328 2344 2350 2348 2347 2341 2333 2334 2327 2311 2299 2288 2281 2271 2251 2240 2251 2272 2285 2293 2300 2304 2266 2189 2131 2118 2112 2096 2083 2077 2069 2053 2041 2028 2028 2017 2017 2037 2043 2052 2064 2052 2007 1957 1910 1866 1847 1872 1902 1897 1892 1894 1898 1903 1905 1919 1950 1976 1970 2008 2074 2116 2146 2136 2096 2060 2059 2080 2109 2162 2224 2258 2278 2306 2358 2351 2255 2200 2165
2250 2257 2267 2280 2291 2297 2314 2332 2341 2344 2340 2331 2320 2311 2299 2288 2280 2261 2224 2185 2164 2171 2198 2228 2260 2283 2293 2263 2195 2129 2105 2097 2084 2072 2062 2053 2041 2027 2014 2017 2009 2001 2012 2017 2020 2030 2021 1980 1929 1872 1845 1862 1873 1877 1884 1899 1909 1922 1946 1974 2003 2027 2040 2028 2015 2052 2127 2191 2192 2144 2099 2075 2079 2099 2139 2201 2251 2284 2313 2350 2377 2328 2261 2215
2238 2240 2248 2259 2262 2274 2300 2322 2335 2340 2341 2336 2319 2300 2286 2280 2263 2225 2191 2158 2124 2118 2132 2153 2194 2243 2276 2264 2205 2136 2092 2076 2066 2055 2043 2039 2029 2015 2004 2004 1998 1988 1996 1997 1994 2004 1998 1957 1904 1850 1850 1881 1896 1913 1944 1973 1993 2004 2022 2047 2069 2090 2106 2102 2091 2075 2115 2216 2253 2203 2147 2114 2097 2110 2136 2172 2225 2271 2312 2352 2402 2401 2342 2304
2233 2232 2233 2236 2251 2276 2301 2319 2331 2336 2338 2332 2320 2300 2281 2272 2238 2186 2159 2146 2120 2097 2096 2117 2146 2187 2239 2264 2215 2127 2068 2057 2052 2039 2033 2021 2010 2005 1993 1991 1986 1975 1981 1981 1975 1982 1980 1937 1879 1839 1849 1887 1918 1947 1980 2012 2043 2064 2080 2102 2125 2147 2161 2161 2151 2123 2128 2210 2278 2269 2215 2164 2133 2129 2155 2196 2237 2269 2304 2361 2431 2452 2413 2360
2221 2226 2228 2229 2246 2274 2296 2315 2327 2333 2335 2330 2318 2301 2283 2268 2238 2195 2170 2177 2167 2127 2085 2089 2112 2141 2187 2245 2225 2125 2058 2049 2045 2031 2017 2008 2000 1994 1980 1979 1980 1960 1962 1967 1959 1962 1963 1922 1866 1833 1845 1873 1900 1933 1971 2013 2053 2093 2122 2146 2173 2198 2213 2215 2213 2206 2181 2220 2291 2331 2285 2219 2181 2163 2177 2224 2279 2323 2344 2388 2475 2478 2409 2335
2205 2210 2197 2206 2234 2259 2282 2303 2318 2326 2328 2327 2318 2303 2286 2271 2256 2240 2226 2222 2207 2150 2091 2066 2074 2103 2146 2207 2227 2140 2057 2042 2030 2023 2009 1999 1992 1981 1965 1967 1975 1956 1942 1949 1946 1944 1946 1905 1861 1830 1851 1883 1911 1939 1970 2011 2060 2102 2140 2174 2208 2235 2255 2265 2267 2266 2253 2256 2311 2369 2345 2283 2239 2211 2219 2259 2320 2378 2405 2443 2495 2459 2395 2325
2190 2190 2169 2192 2224 2247 2269 2289 2306 2315 2319 2322 2317 2306 2292 2279 2265 2249 2231 2221 2225 2173 2103 2059 2044 2069 2109 2166 2217 2141 2053 2021 2017 2010 1993 1982 1978 1971 1948 1953 1965 1958 1932 1930 1931 1931 1929 1892 1850 1830 1869 1914 1945 1970 1997 2031 2070 2110 2146 2179 2211 2240 2267 2295 2314 2324 2323 2319 2348 2405 2399 2356 2313 2278 2275 2312 2367 2423 2459 2505 2507 2440 2367 2292
2162 2164 2148 2175 2206 2228 2248 2267 2283 2298 2311 2317 2314 2307 2298 2289 2276 2255 2230 2215 2209 2163 2097 2063 2036 2041 2074 2125 2166 2129 2055 2010 2018 2014 1987 1965 1958 1953 1934 1941 1952 1955 1939 1916 1903 1903 1909 1876 1832 1848 1884 1912 1932 1954 1984 2019 2055 2088 2125 2158 2189 2219 2248 2281 2312 2348 2375 2399 2422 2446 2444 2415 2379 2348 2343 2375 2418 2468 2507 2531 2526 2463 2396 2340
2138 2135 2125 2155 2181 2200 2223 2250 2271 2292 2308 2314 2312 2307 2301 2291 2281 2267 2240 2216 2190 2146 2097 2062 2041 2031 2045 2082 2114 2099 2044 2008 2009 2005 1985 1958 1943 1934 1920 1929 1940 1946 1944 1926 1907 1878 1887 1858 1828 1846 1863 1874 1893 1911 1933 1964 2001 2046 2097 2136 2167 2200 2234 2274 2320 2367 2402 2429 2455 2483 2489 2465 2439 2417 2413 2432 2471 2497 2496 2498 2514 2506 2458 2385
2124 2094 2123 2166 2181 2199 2225 2246 2268 2289 2304 2310 2309 2307 2304 2294 2280 2272 2252 2225 2199 2171 2136 2084 2045 2023 2028 2046 2057 2063 2023 1995 1998 1993 1978 1951 1931 1913 1905 1918 1926 1935 1937 1933 1925 1898 1865 1838 1824 1837 1860 1882 1911 1929 1940 1950 1968 2014 2071 2119 2155 2192 2231 2283 2335 2378 2411 2443 2470 2494 2513 2511 2485 2473 2473 2494 2493 2461 2436 2436 2454 2470 2463 2417
2092 2079 2124 2163 2185 2207 2223 2237 2256 2275 2292 2302 2306 2308 2308 2302 2283 2269 2256 2235 2210 2193 2176 2122 2057 2014 2018 2025 2011 2010 1995 1984 1985 1978 1968 1941 1920 1898 1898 1907 1914 1921 1924 1926 1926 1914 1885 1844 1817 1841 1888 1927 1969 1988 2008 2012 2009 2027 2073 2122 2162 2204 2253 2302 2338 2372 2404 2432 2458 2482 2501 2500 2481 2482 2494 2473 2450 2415 2378 2365 2379 2397 2398 2400
2049 2069 2129 2160 2183 2205 2214 2225 2242 2261 2281 2296 2305 2309 2308 2307 2291 2272 2258 2241 2220 2194 2176 2133 2067 2017 2001 1994 1984 1978 1971 1969 1971 1959 1948 1930 1912 1886 1887 1893 1900 1907 1912 1915 1916 1909 1895 1848 1815 1845 1904 1944 1985 2014 2042 2060 2072 2083 2110 2145 2183 2224 2262 2294 2327 2360 2391 2419 2446 2467 2473 2453 2449 2463 2485 2431 2388 2393 2328 2295 2308 2323 2323 2338
2047 2058 2127 2158 2173 2196 2208 2215 2231 2250 2271 2289 2302 2307 2306 2305 2300 2279 2264 2251 2230 2199 2160 2113 2064 2026 1985 1980 1973 1966 1960 1953 1955 1949 1934 1921 1905 1877 1877 1880 1886 1894 1900 1904 1905 1898 1878 1837 1814 1855 1909 1942 1968 2005 2035 2062 2087 2111 2137 2161 2189 2220 2252 2283 2316 2349 2378 2406 2432 2452 2426 2417 2423 2436 2458 2400 2333 2332 2303 2252 2253 2261 2265 2297
2044 2042 2107 2153 2165 2178 2200 2206 2219 2237 2256 2275 2292 2302 2303 2302 2299 2289 2271 2258 2236 2207 2157 2111 2080 2046 2012 1978 1962 1968 1959 1946 1942 1937 1925 1914 1903 1878 1867 1870 1878 1884 1888 1894 1894 1887 1863 1829 1818 1866 1908 1933 1953 1983 2009 2036 2052 2064 2105 2134 2163 2199 2236 2270 2302 2336 2363 2390 2416 2417 2389 2376 2377 2391 2412 2381 2311 2261 2247 2213 2182 2194 2218 2273
2035 2027 2077 2132 2153 2166 2190 2203 2211 2224 2239 2257 2276 2288 2294 2297 2295 2290 2278 2260 2238 2214 2175 2154 2127 2102 2067 2019 1986 1963 1944 1931 1924 1926 1919 1906 1898 1882 1866 1858 1850 1868 1875 1881 1881 1876 1856 1818 1825 1874 1905 1925 1940 1961 1983 2006 2016 2020 2059 2086 2123 2168 2212 2254 2289 2322 2349 2375 2396 2372 2352 2332 2320 2336 2361 2353 2305 2260 2201 2113 2162 2202 2237 2280
2029 2008 2045 2088 2144 2159 2177 2199 2203 2213 2224 2239 2257 2272 2285 2292 2292 2287 2283 2268 2243 2222 2195 2170 2153 2135 2105 2052 1998 1977 1965 1952 1938 1911 1902 1890 1883 1868 1872 1861 1847 1853 1862 1866 1865 1861 1844 1806 1837 1876 1899 1915 1927 1943 1953 1962 1969 1985 2012 2042 2092 2146 2195 2241 2276 2308 2334 2358 2365 2326 2312 2286 2261 2282 2311 2315 2273 2213 2154 2073 2158 2202 2243 2289
2025 1998 2025 2066 2125 2155 2167 2184 2192 2200 2207 2221 2238 2261 2277 2288 2290 2287 2283 2278 2247 2222 2207 2188 2165 2145 2114 2058 2001 1974 1961 1950 1937 1924 1906 1899 1893 1885 1877 1866 1851 1835 1855 1857 1852 1847 1835 1813 1848 1872 1889 1904 1916 1923 1924 1936 1951 1977 2000 2036 2095 2145 2191 2233 2264 2294 2318 2340 2328 2284 2263 2242 2204 2234 2268 2276 2225 2172 2078 2094 2127 2158 2212 2269
2034 1995 1997 2041 2099 2147 2161 2167 2174 2181 2188 2201 2220 2247 2268 2282 2289 2288 2283 2277 2257 2229 2209 2198 2177 2148 2107 2050 2027 2011 1997 1979 1963 1952 1937 1928 1916 1901 1889 1875 1859 1837 1830 1852 1846 1841 1825 1808 1839 1863 1880 1890 1895 1905 1925 1957 1985 2002 2034 2065 2117 2146 2183 2225 2254 2278 2301 2319 2296 2251 2208 2191 2159 2191 2228 2236 2194 2132 2039 2092 2146 2188 2227 2267
2042 1996 1984 2019 2072 2128 2154 2156 2159 2166 2175 2189 2208 2233 2256 2273 2284 2288 2284 2276 2263 2245 2219 2202 2185 2157 2118 2095 2086 2067 2049 2030 2012 1997 1980 1963 1942 1923 1906 1887 1871 1850 1828 1824 1845 1840 1817 1796 1825 1847 1855 1872 1886 1908 1938 1966 1989 2015 2052 2085 2115 2142 2175 2213 2238 2265 2282 2295 2269 2228 2198 2139 2115 2153 2190 2193 2139 2074 2024 2075 2135 2193 2243 2302
2046 1999 1970 1998 2043 2100 2144 2151 2142 2141 2166 2180 2198 2220 2242 2260 2275 2285 2284 2277 2268 2259 2241 2210 2194 2177 2159 2141 2125 2103 2089 2078 2067 2054 2036 2013 1985 1956 1928 1903 1883 1864 1845 1828 1818 1836 1804 1795 1819 1837 1849 1875 1896 1913 1932 1955 1972 1990 2032 2065 2105 2134 2162 2197 2221 2243 2259 2269 2240 2205 2172 2123 2084 2117 2157 2147 2082 2036 2027 2102 2157 2193 2249 2317
2045 1999 1967 1977 2013 2065 2121 2130 2105 2137 2161 2170 2187 2208 2228 2245 2262 2278 2285 2279 2268 2261 2252 2224 2201 2190 2178 2160 2140 2120 2111 2106 2103 2098 2086 2067 2039 1996 1950 1915 1892 1872 1856 1840 1821 1809 1799 1790 1812 1843 1864 1882 1895 1908 1923 1942 1961 1982 2018 2049 2088 2117 2145 2178 2201 2221 2236 2243 2211 2177 2142 2092 2051 2084 2129 2095 2026 1999 2061 2105 2168 2228 2276 2333
2040 1994 1964 1961 1991 2034 2072 2072 2066 2128 2163 2164 2175 2197 2217 2231 2250 2268 2282 2281 2272 2262 2254 2241 2210 2192 2183 2167 2146 2133 2122 2115 2114 2112 2106 2095 2078 2028 1966 1923 1895 1875 1858 1842 1829 1812 1807 1790 1799 1842 1861 1873 1884 1898 1912 1930 1949 1972 2002 2036 2070 2098 2126 2157 2179 2200 2214 2214 2184 2146 2109 2059 2021 2060 2101 2035 1975 2019 2092 2143 2183 2240 2308 2371
2047 1993 1961 1946 1973 1997 2011 2014 2027 2067 2111 2142 2166 2185 2208 2222 2240 2258 2274 2283 2282 2268 2257 2247 2224 2199 2188 2175 2153 2134 2121 2112 2107 2103 2099 2085 2076 2035 1977 1926 1891 1874 1857 1843 1830 1819 1809 1793 1787 1830 1851 1860 1871 1889 1902 1916 1930 1949 1984 2016 2052 2081 2107 2133 2153 2175 2190 2186 2159 2115 2074 2021 1993 2045 2051 1981 1993 2062 2121 2184 2228 2273 2334 2393
2017 1984 1959 1938 1957 1974 1989 2013 2045 2066 2087 2107 2146 2174 2198 2214 2230 2248 2266 2282 2288 2279 2268 2248 2237 2209 2191 2181 2159 2135 2115 2094 2082 2078 2073 2070 2065 2026 1970 1924 1885 1871 1858 1843 1830 1818 1808 1792 1780 1816 1841 1849 1862 1879 1891 1904 1908 1919 1959 1983 2026 2056 2080 2106 2128 2148 2161 2157 2128 2084 2034 1984 1980 2024 1979 1952 2000 2066 2144 2208 2263 2309 2354 2388
1987 1963 1946 1933 1949 1969 1996 2042 2085 2106 2114 2117 2137 2167 2189 2207 2221 2241 2260 2277 2286 2283 2272 2248 2234 2217 2195 2181 2155 2125 2102 2082 2068 2054 2054 2058 2055 2010 1953 1912 1879 1866 1854 1842 1830 1819 1808 1792 1775 1805 1830 1840 1852 1868 1881 1894 1897 1906 1941 1963 2000 2018 2042 2083 2103 2118 2124 2111 2086 2049 2003 1958 1965 1953 1937 1991 2044 2075 2144 2215 2271 2319 2360 2373
1961 1948 1936 1926 1952 1974 2014 2072 2108 2124 2133 2145 2154 2173 2189 2204 2219 2238 2256 2272 2280 2279 2268 2247 2231 2217 2198 2179 2148 2119 2098 2072 2036 2013 2021 2032 2020 1978 1933 1901 1874 1861 1850 1842 1830 1821 1807 1791 1774 1794 1823 1831 1844 1857 1870 1884 1886 1897 1928 1946 1975 1991 2014 2051 2073 2082 2077 2060 2033 2001 1969 1928 1926 1942 2001 2047 2088 2124 2162 2218 2275 2322 2343 2348
1945 1933 1923 1933 1961 1988 2033 2090 2122 2132 2147 2163 2172 2182 2193 2203 2218 2234 2252 2265 2273 2271 2260 2244 2231 2220 2203 2176 2144 2123 2103 2081 2054 2011 1974 1984 1971 1936 1902 1887 1869 1859 1837 1824 1823 1818 1812 1793 1770 1781 1817 1821 1833 1846 1860 1874 1878 1887 1915 1933 1957 1973 1995 2024 2040 2040 2027 2006 1977 1946 1915 1898 1936 1982 2001 2047 2101 2152 2197 2241 2291 2317 2302 2282
1927 1918 1919 1940 1964 1994 2040 2096 2132 2143 2153 2165 2171 2178 2185 2196 2211 2227 2244 2256 2263 2261 2251 2239 2231 2221 2204 2173 2145 2130 2110 2086 2055 2013 1966 1939 1934 1912 1887 1872 1858 1846 1852 1840 1830 1825 1815 1798 1775 1771 1803 1812 1821 1834 1849 1864 1871 1878 1900 1915 1937 1954 1971 1991 1999 1995 1973 1945 1915 1889 1893 1929 1979 2021 2043 2061 2096 2155 2217 2263 2291 2281 2267 2235
1910 1909 1927 1947 1969 1998 2045 2099 2134 2146 2149 2154 2157 2163 2170 2181 2200 2223 2238 2244 2249 2249 2241 2232 2229 2223 2207 2172 2143 2134 2112 2082 2041 1996 1950 1917 1905 1893 1876 1861 1859 1862 1858 1848 1838 1830 1817 1798 1777 1765 1792 1803 1812 1825 1838 1852 1863 1872 1886 1897 1917 1932 1942 1952 1955 1943 1914 1890 1873 1898 1941 1974 2015 2057 2093 2113 2129 2175 2238 2270 2260 2237 2222 2184
1898 1913 1929 1948 1969 1997 2042 2092 2121 2131 2136 2139 2143 2149 2156 2168 2194 2226 2238 2230 2231 2232 2223 2222 2224 2216 2196 2163 2139 2124 2092 2052 2015 1974 1933 1909 1897 1880 1874 1876 1875 1875 1865 1851 1839 1830 1820 1800 1771 1762 1787 1796 1806 1817 1827 1841 1852 1864 1877 1888 1903 1914 1919 1923 1913 1876 1857 1868 1910 1953 1991 2027 2065 2104 2138 2167 2185 2223 2257 2250 2227 2197 2163 2123
