data/mit_m/elevation.asc
ncols 20
nrows 20
xllcorner 457900
yllcorner 5716800
cellsize 100
NODATA_value -9999
2298 2287 2274 2254 2224 2195 2184 2202 2242 2272 2298 2327 2332 2291 2243 2202 2159 2132 2114 2118
2384 2372 2348 2321 2294 2264 2246 2266 2310 2346 2362 2377 2369 2333 2288 2234 2191 2164 2137 2140
2412 2414 2408 2385 2355 2331 2322 2336 2360 2377 2387 2389 2378 2360 2332 2286 2233 2196 2179 2188
2395 2399 2404 2403 2397 2383 2367 2363 2372 2380 2387 2386 2379 2369 2351 2324 2287 2258 2257 2264
2375 2379 2384 2390 2392 2391 2385 2373 2370 2374 2377 2378 2373 2366 2352 2335 2325 2318 2317 2323
2351 2355 2362 2370 2375 2380 2384 2376 2366 2363 2367 2369 2366 2360 2348 2334 2323 2321 2321 2320
2320 2326 2339 2351 2357 2365 2372 2370 2361 2356 2357 2359 2358 2352 2337 2326 2314 2304 2302 2301
2294 2301 2313 2326 2337 2349 2359 2361 2355 2350 2349 2350 2350 2342 2325 2312 2299 2291 2293 2293
2270 2278 2289 2302 2314 2328 2344 2350 2348 2347 2341 2333 2334 2327 2311 2299 2288 2281 2271 2251
2250 2257 2267 2280 2291 2297 2314 2332 2341 2344 2340 2331 2320 2311 2299 2288 2280 2261 2224 2185
2238 2240 2248 2259 2262 2274 2300 2322 2335 2340 2341 2336 2319 2300 2286 2280 2263 2225 2191 2158
2233 2232 2233 2236 2251 2276 2301 2319 2331 2336 2338 2332 2320 2300 2281 2272 2238 2186 2159 2146
2221 2226 2228 2229 2246 2274 2296 2315 2327 2333 2335 2330 2318 2301 2283 2268 2238 2195 2170 2177
2205 2210 2197 2206 2234 2259 2282 2303 2318 2326 2328 2327 2318 2303 2286 2271 2256 2240 2226 2222
2190 2190 2169 2192 2224 2247 2269 2289 2306 2315 2319 2322 2317 2306 2292 2279 2265 2249 2231 2221
2162 2164 2148 2175 2206 2228 2248 2267 2283 2298 2311 2317 2314 2307 2298 2289 2276 2255 2230 2215
2138 2135 2125 2155 2181 2200 2223 2250 2271 2292 2308 2314 2312 2307 2301 2291 2281 2267 2240 2216
2124 2094 2123 2166 2181 2199 2225 2246 2268 2289 2304 2310 2309 2307 2304 2294 2280 2272 2252 2225
2092 2079 2124 2163 2185 2207 2223 2237 2256 2275 2292 2302 2306 2308 2308 2302 2283 2269 2256 2235
2049 2069 2129 2160 2183 2205 2214 2225 2242 2261 2281 2296 2305 2309 2308 2307 2291 2272 2258 2241
